0, 0, 0, 0, 0# 0, 0, 0, 0, 0# 0, 0, 0, 0, 0# 0, 0, 0, 0, 0# 0, 0, 0, 0, 0# 0, 0, 0, 0, 0# 0, 0, 0, 0, 0# 0, 0, 0, 0, 0# 0, 0, 0, 0, 0# 0, 0, 0, 0, 0# 0, 0, 0, 0, 0# 0, 0, 0, 0, 0# 0, 0, 0, 0, 0# 0, 0, 0, 0, 0# 0, 0, 0, 0, 0# 0, 0, 0, 0, 0# 0, 0, 0, 0, 0# 0, 0, 0, 0, 0# 0, 0, 0, 0, 0# 0, 0, 0, 0, 0# 0, 0, 0, 0, 0# 0, 0, 0, 0, 0# 0, 0, 0, 0, 0# 0, 0, 0, 0, 0# 0, 0, 0, 0, 0 
0, 0, 0, 0, 0# 0, 0, 0, 0, 0# 0, 0, 0, 0, 0# 0, 0, 0, 0, 0# 0, 0, 0, 0, 0# 0, 0, 0, 0, 0# 0, 0, 0, 0, 0# 0, 0, 0, 255, 0# 0, 0, 0, 255, 0# 0, 0, 0, 255, 0# 0, 0, 0, 255, 0# 0, 0, 0, 255, 0# 0, 0, 0, 255, 0# 0, 0, 0, 0, 0# 0, 0, 0, 0, 0# 0, 0, 0, 0, 0# 0, 0, 0, 0, 0# 0, 0, 0, 0, 0# 0, 0, 0, 0, 0# 0, 0, 0, 0, 0# 0, 0, 0, 0, 0# 0, 0, 0, 0, 0# 0, 0, 0, 0, 0# 0, 0, 0, 0, 0# 0, 0, 0, 0, 0 
0, 0, 0, 0, 0# 0, 0, 0, 0, 0# 0, 0, 0, 0, 0# 0, 0, 0, 0, 0# 0, 0, 0, 0, 0# 0, 0, 0, 0, 0# 0, 0, 0, 255, 0# 112, 154, 209, 255, 158# 112, 154, 209, 255, 158# 112, 154, 209, 255, 158# 112, 154, 209, 255, 158# 112, 154, 209, 255, 158# 112, 154, 209, 255, 158# 0, 0, 0, 255, 0# 0, 0, 0, 0, 0# 0, 0, 0, 0, 0# 0, 0, 0, 0, 0# 0, 0, 0, 0, 0# 0, 0, 0, 0, 0# 0, 0, 0, 0, 0# 0, 0, 0, 0, 0# 0, 0, 0, 0, 0# 0, 0, 0, 0, 0# 0, 0, 0, 0, 0# 0, 0, 0, 0, 0 
0, 0, 0, 0, 0# 0, 0, 0, 0, 0# 0, 0, 0, 0, 0# 0, 0, 0, 0, 0# 0, 0, 0, 0, 0# 0, 0, 0, 255, 0# 89, 124, 171, 255, 128# 112, 154, 209, 255, 158# 89, 124, 171, 255, 128# 112, 154, 209, 255, 158# 89, 124, 171, 255, 128# 89, 124, 171, 255, 128# 89, 124, 171, 255, 128# 89, 124, 171, 255, 128# 0, 0, 0, 255, 0# 0, 0, 0, 0, 0# 0, 0, 0, 0, 0# 0, 0, 0, 0, 0# 0, 0, 0, 0, 0# 0, 0, 0, 0, 0# 0, 0, 0, 0, 0# 0, 0, 0, 0, 0# 0, 0, 0, 0, 0# 0, 0, 0, 0, 0# 0, 0, 0, 0, 0 
0, 0, 0, 0, 0# 0, 0, 0, 0, 0# 0, 0, 0, 0, 0# 0, 0, 0, 0, 0# 0, 0, 0, 255, 0# 112, 154, 209, 255, 158# 112, 154, 209, 255, 158# 112, 154, 209, 255, 158# 112, 154, 209, 255, 158# 112, 154, 209, 255, 158# 112, 154, 209, 255, 158# 112, 154, 209, 255, 158# 112, 154, 209, 255, 158# 112, 154, 209, 255, 158# 112, 154, 209, 255, 158# 0, 0, 0, 255, 0# 0, 0, 0, 0, 0# 0, 0, 0, 0, 0# 0, 0, 0, 0, 0# 0, 0, 0, 0, 0# 0, 0, 0, 0, 0# 0, 0, 0, 0, 0# 0, 0, 0, 0, 0# 0, 0, 0, 0, 0# 0, 0, 0, 0, 0 
0, 0, 0, 0, 0# 0, 0, 0, 0, 0# 0, 0, 0, 0, 0# 0, 0, 0, 0, 0# 0, 0, 0, 255, 0# 112, 154, 209, 255, 158# 89, 124, 171, 255, 128# 112, 154, 209, 255, 158# 89, 124, 171, 255, 128# 89, 124, 171, 255, 128# 89, 124, 171, 255, 128# 89, 124, 171, 255, 128# 89, 124, 171, 255, 128# 89, 124, 171, 255, 128# 112, 154, 209, 255, 158# 112, 154, 209, 255, 158# 0, 0, 0, 255, 0# 0, 0, 0, 0, 0# 0, 0, 0, 0, 0# 0, 0, 0, 0, 0# 0, 0, 0, 0, 0# 0, 0, 0, 0, 0# 0, 0, 0, 0, 0# 0, 0, 0, 0, 0# 0, 0, 0, 0, 0 
0, 0, 0, 0, 0# 0, 0, 0, 0, 0# 0, 0, 0, 0, 0# 0, 0, 0, 0, 0# 0, 0, 0, 255, 0# 0, 0, 0, 255, 0# 112, 154, 209, 255, 158# 112, 154, 209, 255, 158# 112, 154, 209, 255, 158# 112, 154, 209, 255, 158# 112, 154, 209, 255, 158# 112, 154, 209, 255, 158# 112, 154, 209, 255, 158# 112, 154, 209, 255, 158# 112, 154, 209, 255, 158# 112, 154, 209, 255, 158# 0, 0, 0, 255, 0# 0, 0, 0, 255, 0# 0, 0, 0, 255, 0# 0, 0, 0, 0, 0# 0, 0, 0, 0, 0# 0, 0, 0, 0, 0# 0, 0, 0, 0, 0# 0, 0, 0, 0, 0# 0, 0, 0, 0, 0 
0, 0, 0, 0, 0# 0, 0, 0, 0, 0# 0, 0, 0, 0, 0# 0, 0, 0, 0, 0# 0, 0, 0, 255, 0# 156, 90, 60, 255, 102# 156, 90, 60, 255, 102# 156, 90, 60, 255, 102# 156, 90, 60, 255, 102# 156, 90, 60, 255, 102# 156, 90, 60, 255, 102# 156, 90, 60, 255, 102# 156, 90, 60, 255, 102# 156, 90, 60, 255, 102# 156, 90, 60, 255, 102# 156, 90, 60, 255, 102# 156, 90, 60, 255, 102# 156, 90, 60, 255, 102# 0, 0, 0, 255, 0# 0, 0, 0, 0, 0# 0, 0, 0, 0, 0# 0, 0, 0, 0, 0# 0, 0, 0, 0, 0# 0, 0, 0, 0, 0# 0, 0, 0, 0, 0 
0, 0, 0, 0, 0# 0, 0, 0, 0, 0# 0, 0, 0, 0, 0# 0, 0, 0, 0, 0# 0, 0, 0, 255, 0# 156, 90, 60, 255, 102# 156, 90, 60, 255, 102# 156, 90, 60, 255, 102# 156, 90, 60, 255, 102# 156, 90, 60, 255, 102# 156, 90, 60, 255, 102# 0, 0, 0, 255, 0# 0, 0, 0, 255, 0# 0, 0, 0, 255, 0# 0, 0, 0, 255, 0# 156, 90, 60, 255, 102# 156, 90, 60, 255, 102# 156, 90, 60, 255, 102# 156, 90, 60, 255, 102# 0, 0, 0, 255, 0# 0, 0, 0, 0, 0# 0, 0, 0, 0, 0# 0, 0, 0, 0, 0# 0, 0, 0, 0, 0# 0, 0, 0, 0, 0 
0, 0, 0, 0, 0# 0, 0, 0, 0, 0# 0, 0, 0, 0, 0# 0, 0, 0, 0, 0# 0, 0, 0, 255, 0# 156, 90, 60, 255, 102# 156, 90, 60, 255, 102# 0, 0, 0, 255, 0# 245, 228, 156, 255, 209# 156, 90, 60, 255, 102# 156, 90, 60, 255, 102# 245, 228, 156, 255, 209# 245, 228, 156, 255, 209# 199, 115, 80, 255, 131# 156, 90, 60, 255, 102# 245, 228, 156, 255, 209# 0, 0, 0, 255, 0# 156, 90, 60, 255, 102# 156, 90, 60, 255, 102# 0, 0, 0, 255, 0# 0, 0, 0, 0, 0# 0, 0, 0, 0, 0# 0, 0, 0, 0, 0# 0, 0, 0, 0, 0# 0, 0, 0, 0, 0 
0, 0, 0, 0, 0# 0, 0, 0, 0, 0# 0, 0, 0, 0, 0# 0, 0, 0, 0, 0# 0, 0, 0, 255, 0# 156, 90, 60, 255, 102# 0, 0, 0, 255, 0# 245, 228, 156, 255, 209# 245, 228, 156, 255, 209# 156, 90, 60, 255, 102# 156, 90, 60, 255, 102# 245, 228, 156, 255, 209# 245, 228, 156, 255, 209# 156, 90, 60, 255, 102# 156, 90, 60, 255, 102# 245, 228, 156, 255, 209# 0, 0, 0, 255, 0# 156, 90, 60, 255, 102# 0, 0, 0, 255, 0# 0, 0, 0, 0, 0# 0, 0, 0, 0, 0# 0, 0, 0, 0, 0# 0, 0, 0, 0, 0# 0, 0, 0, 0, 0# 0, 0, 0, 0, 0 
0, 0, 0, 0, 0# 0, 0, 0, 0, 0# 0, 0, 0, 0, 0# 0, 0, 0, 0, 0# 0, 0, 0, 255, 0# 156, 90, 60, 255, 102# 0, 0, 0, 255, 0# 196, 182, 124, 255, 167# 245, 228, 156, 255, 209# 156, 90, 60, 255, 102# 245, 228, 156, 255, 209# 245, 228, 156, 255, 209# 245, 228, 156, 255, 209# 245, 228, 156, 255, 209# 245, 228, 156, 255, 209# 245, 228, 156, 255, 209# 0, 0, 0, 255, 0# 0, 0, 0, 0, 0# 0, 0, 0, 0, 0# 0, 0, 0, 0, 0# 0, 0, 0, 0, 0# 0, 0, 0, 0, 0# 0, 0, 0, 0, 0# 0, 0, 0, 0, 0# 0, 0, 0, 0, 0 
0, 0, 0, 0, 0# 0, 0, 0, 0, 0# 0, 0, 0, 0, 0# 0, 0, 0, 0, 0# 0, 0, 0, 255, 0# 0, 0, 0, 255, 0# 156, 90, 60, 255, 102# 0, 0, 0, 255, 0# 245, 228, 156, 255, 209# 156, 90, 60, 255, 102# 245, 228, 156, 255, 209# 0, 0, 0, 255, 0# 245, 228, 156, 255, 209# 245, 228, 156, 255, 209# 245, 228, 156, 255, 209# 245, 228, 156, 255, 209# 0, 0, 0, 255, 0# 0, 0, 0, 0, 0# 0, 0, 0, 0, 0# 0, 0, 0, 0, 0# 0, 0, 0, 0, 0# 0, 0, 0, 0, 0# 0, 0, 0, 0, 0# 0, 0, 0, 0, 0# 0, 0, 0, 0, 0 
0, 0, 0, 0, 0# 0, 0, 0, 0, 0# 0, 0, 0, 0, 0# 0, 0, 0, 0, 0# 0, 0, 0, 0, 0# 0, 0, 0, 255, 0# 156, 90, 60, 255, 102# 196, 182, 124, 255, 167# 245, 228, 156, 255, 209# 245, 228, 156, 255, 209# 245, 228, 156, 255, 209# 0, 0, 0, 255, 0# 0, 0, 0, 255, 0# 0, 0, 0, 255, 0# 245, 228, 156, 255, 209# 0, 0, 0, 255, 0# 0, 0, 0, 0, 0# 0, 0, 0, 0, 0# 0, 0, 0, 0, 0# 0, 0, 0, 0, 0# 0, 0, 0, 0, 0# 0, 0, 0, 0, 0# 0, 0, 0, 0, 0# 0, 0, 0, 0, 0# 0, 0, 0, 0, 0 
0, 0, 0, 0, 0# 0, 0, 0, 0, 0# 0, 0, 0, 0, 0# 0, 0, 0, 0, 0# 0, 0, 0, 0, 0# 0, 0, 0, 0, 0# 0, 0, 0, 255, 0# 196, 182, 124, 255, 167# 245, 228, 156, 255, 209# 245, 228, 156, 255, 209# 245, 228, 156, 255, 209# 245, 228, 156, 255, 209# 245, 228, 156, 255, 209# 245, 228, 156, 255, 209# 245, 228, 156, 255, 209# 0, 0, 0, 255, 0# 0, 0, 0, 0, 0# 0, 0, 0, 0, 0# 0, 0, 0, 0, 0# 0, 0, 0, 0, 0# 0, 0, 0, 0, 0# 0, 0, 0, 0, 0# 0, 0, 0, 0, 0# 0, 0, 0, 0, 0# 0, 0, 0, 0, 0 
0, 0, 0, 0, 0# 0, 0, 0, 0, 0# 0, 0, 0, 0, 0# 0, 0, 0, 0, 0# 0, 0, 0, 0, 0# 0, 0, 0, 0, 0# 0, 0, 0, 0, 0# 0, 0, 0, 255, 0# 196, 182, 124, 255, 167# 196, 182, 124, 255, 167# 245, 228, 156, 255, 209# 245, 228, 156, 255, 209# 245, 228, 156, 255, 209# 245, 228, 156, 255, 209# 0, 0, 0, 255, 0# 0, 0, 0, 255, 0# 0, 0, 0, 0, 0# 0, 0, 0, 0, 0# 0, 0, 0, 0, 0# 0, 0, 0, 0, 0# 0, 0, 0, 0, 0# 0, 0, 0, 0, 0# 0, 0, 0, 0, 0# 0, 0, 0, 0, 0# 0, 0, 0, 0, 0 
0, 0, 0, 0, 0# 0, 0, 0, 0, 0# 0, 0, 0, 0, 0# 0, 0, 0, 0, 0# 0, 0, 0, 0, 0# 0, 0, 0, 0, 0# 0, 0, 0, 0, 0# 0, 0, 0, 0, 0# 0, 0, 0, 255, 0# 0, 0, 0, 255, 0# 245, 228, 156, 255, 209# 245, 228, 156, 255, 209# 0, 0, 0, 255, 0# 0, 0, 0, 255, 0# 0, 0, 0, 0, 0# 0, 0, 0, 0, 0# 0, 0, 0, 0, 0# 0, 0, 0, 0, 0# 0, 0, 0, 0, 0# 0, 0, 0, 0, 0# 0, 0, 0, 0, 0# 0, 0, 0, 0, 0# 0, 0, 0, 0, 0# 0, 0, 0, 0, 0# 0, 0, 0, 0, 0 
0, 0, 0, 0, 0# 0, 0, 0, 0, 0# 0, 0, 0, 0, 0# 0, 0, 0, 0, 0# 0, 0, 0, 0, 0# 0, 0, 0, 0, 0# 0, 0, 0, 0, 0# 0, 0, 0, 255, 0# 255, 255, 255, 255, 255# 255, 255, 255, 255, 255# 196, 182, 124, 255, 167# 196, 182, 124, 255, 167# 255, 255, 255, 255, 255# 0, 0, 0, 255, 0# 0, 0, 0, 0, 0# 0, 0, 0, 0, 0# 0, 0, 0, 0, 0# 0, 0, 0, 0, 0# 0, 0, 0, 0, 0# 0, 0, 0, 0, 0# 0, 0, 0, 0, 0# 0, 0, 0, 0, 0# 0, 0, 0, 0, 0# 0, 0, 0, 0, 0# 0, 0, 0, 0, 0 
0, 0, 0, 0, 0# 0, 0, 0, 0, 0# 0, 0, 0, 0, 0# 0, 0, 0, 0, 0# 0, 0, 0, 0, 0# 0, 0, 0, 255, 0# 0, 0, 0, 255, 0# 0, 0, 0, 255, 0# 84, 109, 142, 255, 111# 255, 255, 255, 255, 255# 255, 255, 255, 255, 255# 255, 255, 255, 255, 255# 255, 255, 255, 255, 255# 0, 0, 0, 255, 0# 0, 0, 0, 255, 0# 0, 0, 0, 255, 0# 0, 0, 0, 0, 0# 0, 0, 0, 0, 0# 0, 0, 0, 0, 0# 0, 0, 0, 0, 0# 0, 0, 0, 0, 0# 0, 0, 0, 0, 0# 0, 0, 0, 0, 0# 0, 0, 0, 0, 0# 0, 0, 0, 0, 0 
0, 0, 0, 0, 0# 0, 0, 0, 0, 0# 0, 0, 0, 0, 0# 0, 0, 0, 0, 0# 0, 0, 0, 0, 0# 0, 0, 0, 255, 0# 98, 127, 166, 255, 130# 98, 127, 166, 255, 130# 84, 109, 142, 255, 111# 84, 109, 142, 255, 111# 84, 109, 142, 255, 111# 255, 255, 255, 255, 255# 84, 109, 142, 255, 111# 98, 127, 166, 255, 130# 98, 127, 166, 255, 130# 0, 0, 0, 255, 0# 0, 0, 0, 255, 0# 0, 0, 0, 255, 0# 0, 0, 0, 255, 0# 0, 0, 0, 0, 0# 0, 0, 0, 0, 0# 0, 0, 0, 0, 0# 0, 0, 0, 0, 0# 0, 0, 0, 0, 0# 0, 0, 0, 0, 0 
0, 0, 0, 0, 0# 0, 0, 0, 0, 0# 0, 0, 0, 0, 0# 0, 0, 0, 0, 0# 0, 0, 0, 255, 0# 98, 127, 166, 255, 130# 98, 127, 166, 255, 130# 98, 127, 166, 255, 130# 98, 127, 166, 255, 130# 98, 127, 166, 255, 130# 84, 109, 142, 255, 111# 255, 255, 255, 255, 255# 84, 109, 142, 255, 111# 98, 127, 166, 255, 130# 98, 127, 166, 255, 130# 98, 127, 166, 255, 130# 98, 127, 166, 255, 130# 98, 127, 166, 255, 130# 0, 0, 0, 255, 0# 0, 0, 0, 255, 0# 0, 0, 0, 255, 0# 0, 0, 0, 255, 0# 0, 0, 0, 0, 0# 0, 0, 0, 0, 0# 0, 0, 0, 0, 0 
0, 0, 0, 0, 0# 0, 0, 0, 0, 0# 0, 0, 0, 0, 0# 0, 0, 0, 0, 0# 0, 0, 0, 255, 0# 98, 127, 166, 255, 130# 98, 127, 166, 255, 130# 98, 127, 166, 255, 130# 0, 0, 0, 255, 0# 98, 127, 166, 255, 130# 98, 127, 166, 255, 130# 98, 127, 166, 255, 130# 98, 127, 166, 255, 130# 98, 127, 166, 255, 130# 98, 127, 166, 255, 130# 98, 127, 166, 255, 130# 98, 127, 166, 255, 130# 98, 127, 166, 255, 130# 98, 127, 166, 255, 130# 0, 0, 0, 255, 0# 245, 228, 156, 255, 209# 0, 0, 0, 255, 0# 0, 0, 0, 0, 0# 0, 0, 0, 0, 0# 0, 0, 0, 0, 0 
0, 0, 0, 0, 0# 0, 0, 0, 0, 0# 0, 0, 0, 0, 0# 0, 0, 0, 255, 0# 84, 109, 142, 255, 111# 98, 127, 166, 255, 130# 98, 127, 166, 255, 130# 98, 127, 166, 255, 130# 0, 0, 0, 255, 0# 0, 0, 0, 255, 0# 0, 0, 0, 255, 0# 0, 0, 0, 255, 0# 0, 0, 0, 255, 0# 98, 127, 166, 255, 130# 84, 109, 142, 255, 111# 84, 109, 142, 255, 111# 84, 109, 142, 255, 111# 84, 109, 142, 255, 111# 98, 127, 166, 255, 130# 0, 0, 0, 255, 0# 245, 228, 156, 255, 209# 0, 0, 0, 255, 0# 0, 0, 0, 0, 0# 0, 0, 0, 0, 0# 0, 0, 0, 0, 0 
0, 0, 0, 0, 0# 0, 0, 0, 0, 0# 0, 0, 0, 0, 0# 0, 0, 0, 255, 0# 84, 109, 142, 255, 111# 98, 127, 166, 255, 130# 98, 127, 166, 255, 130# 98, 127, 166, 255, 130# 98, 127, 166, 255, 130# 98, 127, 166, 255, 130# 0, 0, 0, 255, 0# 245, 228, 156, 255, 209# 0, 0, 0, 255, 0# 98, 127, 166, 255, 130# 0, 0, 0, 255, 0# 84, 109, 142, 255, 111# 0, 0, 0, 255, 0# 0, 0, 0, 255, 0# 0, 0, 0, 255, 0# 0, 0, 0, 255, 0# 0, 0, 0, 255, 0# 0, 0, 0, 255, 0# 0, 0, 0, 0, 0# 0, 0, 0, 0, 0# 0, 0, 0, 0, 0 
0, 0, 0, 0, 0# 0, 0, 0, 0, 0# 0, 0, 0, 0, 0# 0, 0, 0, 0, 0# 0, 0, 0, 255, 0# 84, 109, 142, 255, 111# 84, 109, 142, 255, 111# 84, 109, 142, 255, 111# 84, 109, 142, 255, 111# 98, 127, 166, 255, 130# 0, 0, 0, 255, 0# 245, 228, 156, 255, 209# 0, 0, 0, 255, 0# 98, 127, 166, 255, 130# 0, 0, 0, 255, 0# 0, 0, 0, 0, 0# 0, 0, 0, 0, 0# 0, 0, 0, 0, 0# 0, 0, 0, 0, 0# 0, 0, 0, 0, 0# 0, 0, 0, 0, 0# 0, 0, 0, 0, 0# 0, 0, 0, 0, 0# 0, 0, 0, 0, 0# 0, 0, 0, 0, 0 
0, 0, 0, 0, 0# 0, 0, 0, 0, 0# 0, 0, 0, 0, 0# 0, 0, 0, 0, 0# 0, 0, 0, 0, 0# 0, 0, 0, 255, 0# 0, 0, 0, 255, 0# 0, 0, 0, 255, 0# 0, 0, 0, 255, 0# 0, 0, 0, 255, 0# 0, 0, 0, 255, 0# 0, 0, 0, 255, 0# 0, 0, 0, 255, 0# 98, 127, 166, 255, 130# 0, 0, 0, 255, 0# 0, 0, 0, 255, 0# 0, 0, 0, 0, 0# 0, 0, 0, 0, 0# 0, 0, 0, 0, 0# 0, 0, 0, 0, 0# 0, 0, 0, 0, 0# 0, 0, 0, 0, 0# 0, 0, 0, 0, 0# 0, 0, 0, 0, 0# 0, 0, 0, 0, 0 
0, 0, 0, 0, 0# 0, 0, 0, 0, 0# 0, 0, 0, 0, 0# 0, 0, 0, 0, 0# 0, 0, 0, 0, 0# 0, 0, 0, 0, 0# 0, 0, 0, 0, 0# 0, 0, 0, 255, 0# 84, 109, 142, 255, 111# 84, 109, 142, 255, 111# 84, 109, 142, 255, 111# 84, 109, 142, 255, 111# 98, 127, 166, 255, 130# 98, 127, 166, 255, 130# 98, 127, 166, 255, 130# 0, 0, 0, 255, 0# 0, 0, 0, 0, 0# 0, 0, 0, 0, 0# 0, 0, 0, 0, 0# 0, 0, 0, 0, 0# 0, 0, 0, 0, 0# 0, 0, 0, 0, 0# 0, 0, 0, 0, 0# 0, 0, 0, 0, 0# 0, 0, 0, 0, 0 
0, 0, 0, 0, 0# 0, 0, 0, 0, 0# 0, 0, 0, 0, 0# 0, 0, 0, 0, 0# 0, 0, 0, 0, 0# 0, 0, 0, 0, 0# 0, 0, 0, 0, 0# 0, 0, 0, 255, 0# 98, 127, 166, 255, 130# 98, 127, 166, 255, 130# 98, 127, 166, 255, 130# 98, 127, 166, 255, 130# 98, 127, 166, 255, 130# 98, 127, 166, 255, 130# 98, 127, 166, 255, 130# 0, 0, 0, 255, 0# 0, 0, 0, 255, 0# 0, 0, 0, 0, 0# 0, 0, 0, 0, 0# 0, 0, 0, 0, 0# 0, 0, 0, 0, 0# 0, 0, 0, 0, 0# 0, 0, 0, 0, 0# 0, 0, 0, 0, 0# 0, 0, 0, 0, 0 
0, 0, 0, 0, 0# 0, 0, 0, 0, 0# 0, 0, 0, 0, 0# 0, 0, 0, 0, 0# 0, 0, 0, 0, 0# 0, 0, 0, 0, 0# 0, 0, 0, 0, 0# 0, 0, 0, 255, 0# 98, 127, 166, 255, 130# 98, 127, 166, 255, 130# 98, 127, 166, 255, 130# 98, 127, 166, 255, 130# 98, 127, 166, 255, 130# 98, 127, 166, 255, 130# 98, 127, 166, 255, 130# 98, 127, 166, 255, 130# 0, 0, 0, 255, 0# 0, 0, 0, 0, 0# 0, 0, 0, 0, 0# 0, 0, 0, 0, 0# 0, 0, 0, 0, 0# 0, 0, 0, 0, 0# 0, 0, 0, 0, 0# 0, 0, 0, 0, 0# 0, 0, 0, 0, 0 
0, 0, 0, 0, 0# 0, 0, 0, 0, 0# 0, 0, 0, 0, 0# 0, 0, 0, 0, 0# 0, 0, 0, 0, 0# 0, 0, 0, 0, 0# 0, 0, 0, 0, 0# 84, 109, 142, 255, 111# 98, 127, 166, 255, 130# 98, 127, 166, 255, 130# 98, 127, 166, 255, 130# 98, 127, 166, 255, 130# 98, 127, 166, 255, 130# 98, 127, 166, 255, 130# 98, 127, 166, 255, 130# 98, 127, 166, 255, 130# 98, 127, 166, 255, 130# 0, 0, 0, 255, 0# 0, 0, 0, 0, 0# 0, 0, 0, 0, 0# 0, 0, 0, 0, 0# 0, 0, 0, 0, 0# 0, 0, 0, 0, 0# 0, 0, 0, 0, 0# 0, 0, 0, 0, 0 
0, 0, 0, 0, 0# 0, 0, 0, 0, 0# 0, 0, 0, 0, 0# 0, 0, 0, 0, 0# 0, 0, 0, 0, 0# 0, 0, 0, 0, 0# 0, 0, 0, 255, 0# 98, 127, 166, 255, 130# 84, 109, 142, 255, 111# 84, 109, 142, 255, 111# 84, 109, 142, 255, 111# 98, 127, 166, 255, 130# 98, 127, 166, 255, 130# 0, 0, 0, 255, 0# 98, 127, 166, 255, 130# 98, 127, 166, 255, 130# 84, 109, 142, 255, 111# 0, 0, 0, 255, 0# 0, 0, 0, 0, 0# 0, 0, 0, 0, 0# 0, 0, 0, 0, 0# 0, 0, 0, 0, 0# 0, 0, 0, 0, 0# 0, 0, 0, 0, 0# 0, 0, 0, 0, 0 
0, 0, 0, 0, 0# 0, 0, 0, 0, 0# 0, 0, 0, 0, 0# 0, 0, 0, 0, 0# 0, 0, 0, 0, 0# 0, 0, 0, 0, 0# 0, 0, 0, 255, 0# 98, 127, 166, 255, 130# 84, 109, 142, 255, 111# 98, 127, 166, 255, 130# 84, 109, 142, 255, 111# 98, 127, 166, 255, 130# 0, 0, 0, 255, 0# 0, 0, 0, 255, 0# 84, 109, 142, 255, 111# 98, 127, 166, 255, 130# 98, 127, 166, 255, 130# 98, 127, 166, 255, 130# 0, 0, 0, 255, 0# 0, 0, 0, 0, 0# 0, 0, 0, 0, 0# 0, 0, 0, 0, 0# 0, 0, 0, 0, 0# 0, 0, 0, 0, 0# 0, 0, 0, 0, 0 
0, 0, 0, 0, 0# 0, 0, 0, 0, 0# 0, 0, 0, 0, 0# 0, 0, 0, 0, 0# 0, 0, 0, 0, 0# 0, 0, 0, 0, 0# 0, 0, 0, 255, 0# 84, 109, 142, 255, 111# 98, 127, 166, 255, 130# 84, 109, 142, 255, 111# 98, 127, 166, 255, 130# 98, 127, 166, 255, 130# 0, 0, 0, 255, 0# 0, 0, 0, 0, 0# 84, 109, 142, 255, 111# 98, 127, 166, 255, 130# 98, 127, 166, 255, 130# 98, 127, 166, 255, 130# 0, 0, 0, 255, 0# 0, 0, 0, 0, 0# 0, 0, 0, 0, 0# 0, 0, 0, 0, 0# 0, 0, 0, 0, 0# 0, 0, 0, 0, 0# 0, 0, 0, 0, 0 
0, 0, 0, 0, 0# 0, 0, 0, 0, 0# 0, 0, 0, 0, 0# 0, 0, 0, 0, 0# 0, 0, 0, 0, 0# 0, 0, 0, 0, 0# 0, 0, 0, 255, 0# 84, 109, 142, 255, 111# 98, 127, 166, 255, 130# 98, 127, 166, 255, 130# 98, 127, 166, 255, 130# 0, 0, 0, 255, 0# 0, 0, 0, 0, 0# 0, 0, 0, 255, 0# 84, 109, 142, 255, 111# 98, 127, 166, 255, 130# 98, 127, 166, 255, 130# 98, 127, 166, 255, 130# 0, 0, 0, 255, 0# 0, 0, 0, 0, 0# 0, 0, 0, 0, 0# 0, 0, 0, 0, 0# 0, 0, 0, 0, 0# 0, 0, 0, 0, 0# 0, 0, 0, 0, 0 
0, 0, 0, 0, 0# 0, 0, 0, 0, 0# 0, 0, 0, 0, 0# 0, 0, 0, 0, 0# 0, 0, 0, 0, 0# 0, 0, 0, 0, 0# 0, 0, 0, 255, 0# 84, 109, 142, 255, 111# 98, 127, 166, 255, 130# 98, 127, 166, 255, 130# 98, 127, 166, 255, 130# 0, 0, 0, 255, 0# 0, 0, 0, 0, 0# 0, 0, 0, 255, 0# 84, 109, 142, 255, 111# 84, 109, 142, 255, 111# 98, 127, 166, 255, 130# 98, 127, 166, 255, 130# 98, 127, 166, 255, 130# 0, 0, 0, 255, 0# 0, 0, 0, 0, 0# 0, 0, 0, 0, 0# 0, 0, 0, 0, 0# 0, 0, 0, 0, 0# 0, 0, 0, 0, 0 
0, 0, 0, 0, 0# 0, 0, 0, 0, 0# 0, 0, 0, 0, 0# 0, 0, 0, 0, 0# 0, 0, 0, 0, 0# 0, 0, 0, 0, 0# 0, 0, 0, 255, 0# 84, 109, 142, 255, 111# 98, 127, 166, 255, 130# 98, 127, 166, 255, 130# 98, 127, 166, 255, 130# 0, 0, 0, 255, 0# 0, 0, 0, 0, 0# 0, 0, 0, 255, 0# 0, 0, 0, 255, 0# 84, 109, 142, 255, 111# 98, 127, 166, 255, 130# 98, 127, 166, 255, 130# 98, 127, 166, 255, 130# 84, 109, 142, 255, 111# 0, 0, 0, 0, 0# 0, 0, 0, 0, 0# 0, 0, 0, 0, 0# 0, 0, 0, 0, 0# 0, 0, 0, 0, 0 
0, 0, 0, 0, 0# 0, 0, 0, 0, 0# 0, 0, 0, 0, 0# 0, 0, 0, 0, 0# 0, 0, 0, 0, 0# 0, 0, 0, 0, 0# 0, 0, 0, 255, 0# 0, 0, 0, 255, 0# 0, 0, 0, 255, 0# 0, 0, 0, 255, 0# 0, 0, 0, 255, 0# 0, 0, 0, 255, 0# 0, 0, 0, 0, 0# 0, 0, 0, 0, 0# 0, 0, 0, 255, 0# 0, 0, 0, 255, 0# 0, 0, 0, 255, 0# 0, 0, 0, 255, 0# 0, 0, 0, 255, 0# 0, 0, 0, 255, 0# 0, 0, 0, 255, 0# 0, 0, 0, 0, 0# 0, 0, 0, 0, 0# 0, 0, 0, 0, 0# 0, 0, 0, 0, 0 
0, 0, 0, 0, 0# 0, 0, 0, 0, 0# 0, 0, 0, 0, 0# 0, 0, 0, 0, 0# 0, 0, 0, 0, 0# 0, 0, 0, 0, 0# 0, 0, 0, 255, 0# 48, 48, 48, 255, 48# 0, 0, 0, 255, 0# 0, 0, 0, 255, 0# 0, 0, 0, 255, 0# 48, 48, 48, 255, 48# 0, 0, 0, 255, 0# 0, 0, 0, 0, 0# 0, 0, 0, 255, 0# 48, 48, 48, 255, 48# 0, 0, 0, 255, 0# 0, 0, 0, 255, 0# 0, 0, 0, 255, 0# 48, 48, 48, 255, 48# 48, 48, 48, 255, 48# 48, 48, 48, 255, 48# 0, 0, 0, 0, 0# 0, 0, 0, 0, 0# 0, 0, 0, 0, 0 
0, 0, 0, 0, 0# 0, 0, 0, 0, 0# 0, 0, 0, 0, 0# 0, 0, 0, 0, 0# 0, 0, 0, 0, 0# 0, 0, 0, 0, 0# 0, 0, 0, 255, 0# 48, 48, 48, 255, 48# 0, 0, 0, 255, 0# 0, 0, 0, 255, 0# 0, 0, 0, 255, 0# 0, 0, 0, 255, 0# 48, 48, 48, 255, 48# 48, 48, 48, 255, 48# 0, 0, 0, 255, 0# 48, 48, 48, 255, 48# 0, 0, 0, 255, 0# 0, 0, 0, 255, 0# 0, 0, 0, 255, 0# 0, 0, 0, 255, 0# 0, 0, 0, 255, 0# 48, 48, 48, 255, 48# 0, 0, 0, 0, 0# 0, 0, 0, 0, 0# 0, 0, 0, 0, 0 
0, 0, 0, 0, 0# 0, 0, 0, 0, 0# 0, 0, 0, 0, 0# 0, 0, 0, 0, 0# 0, 0, 0, 0, 0# 0, 0, 0, 0, 0# 0, 0, 0, 255, 0# 48, 48, 48, 255, 48# 0, 0, 0, 255, 0# 0, 0, 0, 255, 0# 0, 0, 0, 255, 0# 0, 0, 0, 255, 0# 0, 0, 0, 255, 0# 48, 48, 48, 255, 48# 0, 0, 0, 255, 0# 48, 48, 48, 255, 48# 0, 0, 0, 255, 0# 0, 0, 0, 255, 0# 0, 0, 0, 255, 0# 0, 0, 0, 255, 0# 0, 0, 0, 255, 0# 0, 0, 0, 255, 0# 0, 0, 0, 0, 0# 0, 0, 0, 0, 0# 0, 0, 0, 0, 0 
