0, 0, 0, 0, 0# 0, 0, 0, 0, 0# 0, 0, 0, 0, 0# 0, 0, 0, 0, 0# 0, 0, 0, 0, 0# 0, 0, 0, 0, 0# 0, 0, 0, 0, 0# 0, 0, 0, 0, 0# 0, 0, 0, 0, 0# 0, 0, 0, 0, 0# 0, 0, 0, 0, 0# 0, 0, 0, 0, 0# 0, 0, 0, 0, 0# 0, 0, 0, 0, 0# 0, 0, 0, 0, 0# 0, 0, 0, 0, 0# 0, 0, 0, 0, 0# 0, 0, 0, 0, 0# 0, 0, 0, 0, 0# 0, 0, 0, 0, 0# 0, 0, 0, 0, 0# 0, 0, 0, 0, 0# 0, 0, 0, 0, 0# 0, 0, 0, 0, 0# 0, 0, 0, 0, 0 
0, 0, 0, 0, 0# 0, 0, 0, 0, 0# 0, 0, 0, 0, 0# 0, 0, 0, 0, 0# 0, 0, 0, 0, 0# 0, 0, 0, 0, 0# 0, 0, 0, 0, 0# 0, 0, 0, 0, 0# 0, 0, 0, 0, 0# 0, 0, 0, 0, 0# 0, 0, 0, 0, 0# 0, 0, 0, 0, 0# 0, 0, 0, 0, 0# 0, 0, 0, 0, 0# 0, 0, 0, 0, 0# 0, 0, 0, 0, 0# 0, 0, 0, 0, 0# 0, 0, 0, 0, 0# 0, 0, 0, 0, 0# 0, 0, 0, 0, 0# 0, 0, 0, 0, 0# 0, 0, 0, 0, 0# 0, 0, 0, 0, 0# 0, 0, 0, 0, 0# 0, 0, 0, 0, 0 
0, 0, 0, 0, 0# 0, 0, 0, 0, 0# 0, 0, 0, 0, 0# 0, 0, 0, 0, 0# 0, 0, 0, 0, 0# 0, 0, 0, 0, 0# 0, 0, 0, 0, 0# 0, 0, 0, 0, 0# 0, 0, 0, 0, 0# 0, 0, 0, 0, 0# 0, 0, 0, 0, 0# 0, 0, 0, 0, 0# 0, 0, 0, 0, 0# 0, 0, 0, 0, 0# 0, 0, 0, 0, 0# 0, 0, 0, 0, 0# 0, 0, 0, 0, 0# 0, 0, 0, 0, 0# 0, 0, 0, 0, 0# 0, 0, 0, 0, 0# 0, 0, 0, 0, 0# 0, 0, 0, 0, 0# 0, 0, 0, 0, 0# 0, 0, 0, 0, 0# 0, 0, 0, 0, 0 
0, 0, 0, 0, 0# 0, 0, 0, 0, 0# 0, 0, 0, 0, 0# 0, 0, 0, 0, 0# 0, 0, 0, 0, 0# 0, 0, 0, 0, 0# 0, 0, 0, 0, 0# 0, 0, 0, 0, 0# 0, 0, 0, 0, 0# 0, 0, 0, 0, 0# 0, 0, 0, 0, 0# 0, 0, 0, 0, 0# 0, 0, 0, 0, 0# 0, 0, 0, 0, 0# 0, 0, 0, 0, 0# 0, 0, 0, 0, 0# 0, 0, 0, 0, 0# 0, 0, 0, 0, 0# 0, 0, 0, 0, 0# 0, 0, 0, 0, 0# 0, 0, 0, 0, 0# 0, 0, 0, 0, 0# 0, 0, 0, 0, 0# 0, 0, 0, 0, 0# 0, 0, 0, 0, 0 
0, 0, 0, 0, 0# 0, 0, 0, 0, 0# 0, 0, 0, 0, 0# 0, 0, 0, 0, 0# 0, 0, 0, 0, 0# 0, 0, 0, 0, 0# 0, 0, 0, 0, 0# 0, 0, 0, 0, 0# 0, 0, 0, 0, 0# 0, 0, 0, 255, 0# 0, 0, 0, 255, 0# 0, 0, 0, 255, 0# 0, 0, 0, 255, 0# 0, 0, 0, 255, 0# 0, 0, 0, 255, 0# 0, 0, 0, 0, 0# 0, 0, 0, 0, 0# 0, 0, 0, 0, 0# 0, 0, 0, 0, 0# 0, 0, 0, 0, 0# 0, 0, 0, 255, 0# 0, 0, 0, 0, 0# 0, 0, 0, 0, 0# 0, 0, 0, 0, 0# 0, 0, 0, 0, 0 
0, 0, 0, 0, 0# 0, 0, 0, 0, 0# 0, 0, 0, 0, 0# 0, 0, 0, 0, 0# 0, 0, 0, 0, 0# 0, 0, 0, 0, 0# 0, 0, 0, 0, 0# 0, 0, 0, 255, 0# 0, 0, 0, 255, 0# 0, 0, 0, 255, 0# 70, 70, 70, 255, 70# 70, 70, 70, 255, 70# 70, 70, 70, 255, 70# 0, 0, 0, 255, 0# 0, 0, 0, 255, 0# 0, 0, 0, 255, 0# 0, 0, 0, 255, 0# 0, 0, 0, 0, 0# 0, 0, 0, 0, 0# 0, 0, 0, 255, 0# 0, 0, 0, 255, 0# 0, 0, 0, 0, 0# 0, 0, 0, 0, 0# 0, 0, 0, 0, 0# 0, 0, 0, 0, 0 
0, 0, 0, 0, 0# 0, 0, 0, 0, 0# 0, 0, 0, 0, 0# 0, 0, 0, 0, 0# 0, 0, 0, 0, 0# 0, 0, 0, 0, 0# 0, 0, 0, 0, 0# 0, 0, 0, 255, 0# 70, 70, 70, 255, 70# 70, 70, 70, 255, 70# 70, 70, 70, 255, 70# 180, 180, 180, 255, 180# 180, 180, 180, 255, 180# 180, 180, 180, 255, 180# 0, 0, 0, 255, 0# 70, 70, 70, 255, 70# 70, 70, 70, 255, 70# 0, 0, 0, 255, 0# 0, 0, 0, 255, 0# 0, 0, 0, 255, 0# 0, 0, 0, 255, 0# 0, 0, 0, 0, 0# 0, 0, 0, 0, 0# 0, 0, 0, 0, 0# 0, 0, 0, 0, 0 
0, 0, 0, 0, 0# 0, 0, 0, 0, 0# 0, 0, 0, 255, 0# 0, 0, 0, 255, 0# 0, 0, 0, 255, 0# 0, 0, 0, 255, 0# 0, 0, 0, 255, 0# 0, 0, 0, 255, 0# 70, 70, 70, 255, 70# 0, 0, 0, 255, 0# 0, 0, 0, 255, 0# 0, 0, 0, 255, 0# 0, 0, 0, 255, 0# 0, 0, 0, 255, 0# 180, 180, 180, 255, 180# 0, 0, 0, 255, 0# 70, 70, 70, 255, 70# 70, 70, 70, 255, 70# 0, 0, 0, 255, 0# 0, 0, 0, 0, 0# 0, 0, 0, 255, 0# 0, 0, 0, 0, 0# 0, 0, 0, 0, 0# 0, 0, 0, 0, 0# 0, 0, 0, 0, 0 
0, 0, 0, 0, 0# 0, 0, 0, 0, 0# 0, 0, 0, 255, 0# 0, 0, 0, 255, 0# 0, 0, 0, 255, 0# 180, 180, 180, 255, 180# 180, 180, 180, 255, 180# 180, 180, 180, 255, 180# 0, 0, 0, 255, 0# 237, 28, 36, 255, 100# 237, 28, 36, 255, 100# 180, 180, 180, 255, 180# 180, 180, 180, 255, 180# 180, 180, 180, 255, 180# 180, 180, 180, 255, 180# 70, 70, 70, 255, 70# 0, 0, 0, 255, 0# 70, 70, 70, 255, 70# 0, 0, 0, 255, 0# 0, 0, 0, 255, 0# 0, 0, 0, 255, 0# 0, 0, 0, 0, 0# 0, 0, 0, 0, 0# 0, 0, 0, 0, 0# 0, 0, 0, 0, 0 
0, 0, 0, 0, 0# 0, 0, 0, 0, 0# 0, 0, 0, 255, 0# 0, 0, 0, 255, 0# 180, 180, 180, 255, 180# 180, 180, 180, 255, 180# 180, 180, 180, 255, 180# 180, 180, 180, 255, 180# 180, 180, 180, 255, 180# 237, 28, 36, 255, 100# 237, 28, 36, 255, 100# 180, 180, 180, 255, 180# 180, 180, 180, 255, 180# 180, 180, 180, 255, 180# 180, 180, 180, 255, 180# 70, 70, 70, 255, 70# 180, 180, 180, 255, 180# 70, 70, 70, 255, 70# 70, 70, 70, 255, 70# 0, 0, 0, 255, 0# 0, 0, 0, 0, 0# 0, 0, 0, 0, 0# 0, 0, 0, 0, 0# 0, 0, 0, 0, 0# 0, 0, 0, 0, 0 
0, 0, 0, 0, 0# 0, 0, 0, 0, 0# 0, 0, 0, 0, 0# 0, 0, 0, 255, 0# 180, 180, 180, 255, 180# 180, 180, 180, 255, 180# 180, 180, 180, 255, 180# 180, 180, 180, 255, 180# 180, 180, 180, 255, 180# 0, 0, 0, 255, 0# 180, 180, 180, 255, 180# 180, 180, 180, 255, 180# 180, 180, 180, 255, 180# 180, 180, 180, 255, 180# 70, 70, 70, 255, 70# 70, 70, 70, 255, 70# 180, 180, 180, 255, 180# 180, 180, 180, 255, 180# 0, 0, 0, 255, 0# 0, 0, 0, 0, 0# 0, 0, 0, 0, 0# 0, 0, 0, 0, 0# 0, 0, 0, 0, 0# 0, 0, 0, 0, 0# 0, 0, 0, 0, 0 
0, 0, 0, 0, 0# 0, 0, 0, 0, 0# 0, 0, 0, 0, 0# 0, 0, 0, 0, 0# 0, 0, 0, 255, 0# 0, 0, 0, 255, 0# 0, 0, 0, 255, 0# 180, 180, 180, 255, 180# 0, 0, 0, 255, 0# 180, 180, 180, 255, 180# 180, 180, 180, 255, 180# 180, 180, 180, 255, 180# 180, 180, 180, 255, 180# 70, 70, 70, 255, 70# 70, 70, 70, 255, 70# 180, 180, 180, 255, 180# 180, 180, 180, 255, 180# 0, 0, 0, 255, 0# 0, 0, 0, 255, 0# 0, 0, 0, 0, 0# 0, 0, 0, 0, 0# 0, 0, 0, 0, 0# 0, 0, 0, 0, 0# 0, 0, 0, 0, 0# 0, 0, 0, 0, 0 
0, 0, 0, 0, 0# 0, 0, 0, 0, 0# 0, 0, 0, 0, 0# 0, 0, 0, 0, 0# 0, 0, 0, 0, 0# 0, 0, 0, 0, 0# 0, 0, 0, 255, 0# 0, 0, 0, 255, 0# 180, 180, 180, 255, 180# 180, 180, 180, 255, 180# 180, 180, 180, 255, 180# 180, 180, 180, 255, 180# 180, 180, 180, 255, 180# 180, 180, 180, 255, 180# 180, 180, 180, 255, 180# 0, 0, 0, 255, 0# 180, 180, 180, 255, 180# 0, 0, 0, 255, 0# 0, 0, 0, 0, 0# 0, 0, 0, 0, 0# 0, 0, 0, 0, 0# 0, 0, 0, 0, 0# 0, 0, 0, 0, 0# 0, 0, 0, 0, 0# 0, 0, 0, 0, 0 
0, 0, 0, 0, 0# 0, 0, 0, 0, 0# 0, 0, 0, 0, 0# 0, 0, 0, 0, 0# 0, 0, 0, 0, 0# 0, 0, 0, 0, 0# 0, 0, 0, 0, 0# 0, 0, 0, 255, 0# 180, 180, 180, 255, 180# 180, 180, 180, 255, 180# 180, 180, 180, 255, 180# 180, 180, 180, 255, 180# 180, 180, 180, 255, 180# 180, 180, 180, 255, 180# 180, 180, 180, 255, 180# 180, 180, 180, 255, 180# 180, 180, 180, 255, 180# 0, 0, 0, 255, 0# 0, 0, 0, 0, 0# 0, 0, 0, 0, 0# 0, 0, 0, 0, 0# 0, 0, 0, 0, 0# 0, 0, 0, 0, 0# 0, 0, 0, 0, 0# 0, 0, 0, 0, 0 
0, 0, 0, 0, 0# 0, 0, 0, 0, 0# 0, 0, 0, 0, 0# 0, 0, 0, 0, 0# 0, 0, 0, 0, 0# 0, 0, 0, 0, 0# 0, 0, 0, 0, 0# 0, 0, 0, 0, 0# 0, 0, 0, 255, 0# 0, 0, 0, 255, 0# 180, 180, 180, 255, 180# 0, 0, 0, 255, 0# 180, 180, 180, 255, 180# 0, 0, 0, 255, 0# 180, 180, 180, 255, 180# 180, 180, 180, 255, 180# 180, 180, 180, 255, 180# 0, 0, 0, 255, 0# 0, 0, 0, 255, 0# 0, 0, 0, 0, 0# 0, 0, 0, 0, 0# 0, 0, 0, 0, 0# 0, 0, 0, 0, 0# 0, 0, 0, 0, 0# 0, 0, 0, 0, 0 
0, 0, 0, 0, 0# 0, 0, 0, 0, 0# 0, 0, 0, 0, 0# 0, 0, 0, 0, 0# 0, 0, 0, 0, 0# 0, 0, 0, 0, 0# 0, 0, 0, 0, 0# 0, 0, 0, 0, 0# 0, 0, 0, 255, 0# 180, 180, 180, 255, 180# 180, 180, 180, 255, 180# 180, 180, 180, 255, 180# 180, 180, 180, 255, 180# 180, 180, 180, 255, 180# 180, 180, 180, 255, 180# 180, 180, 180, 255, 180# 70, 70, 70, 255, 70# 70, 70, 70, 255, 70# 0, 0, 0, 255, 0# 0, 0, 0, 0, 0# 0, 0, 0, 0, 0# 0, 0, 0, 0, 0# 0, 0, 0, 0, 0# 0, 0, 0, 0, 0# 0, 0, 0, 0, 0 
0, 0, 0, 0, 0# 0, 0, 0, 0, 0# 0, 0, 0, 0, 0# 0, 0, 0, 0, 0# 0, 0, 0, 0, 0# 0, 0, 0, 0, 0# 0, 0, 0, 0, 0# 0, 0, 0, 255, 0# 0, 0, 0, 255, 0# 180, 180, 180, 255, 180# 180, 180, 180, 255, 180# 180, 180, 180, 255, 180# 180, 180, 180, 255, 180# 180, 180, 180, 255, 180# 180, 180, 180, 255, 180# 70, 70, 70, 255, 70# 70, 70, 70, 255, 70# 70, 70, 70, 255, 70# 0, 0, 0, 255, 0# 0, 0, 0, 0, 0# 0, 0, 0, 0, 0# 0, 0, 0, 0, 0# 0, 0, 0, 0, 0# 0, 0, 0, 0, 0# 0, 0, 0, 0, 0 
0, 0, 0, 0, 0# 0, 0, 0, 0, 0# 70, 70, 70, 255, 70# 0, 0, 0, 0, 0# 0, 0, 0, 0, 0# 0, 0, 0, 255, 0# 0, 0, 0, 255, 0# 0, 0, 0, 255, 0# 70, 70, 70, 255, 70# 180, 180, 180, 255, 180# 180, 180, 180, 255, 180# 180, 180, 180, 255, 180# 180, 180, 180, 255, 180# 180, 180, 180, 255, 180# 180, 180, 180, 255, 180# 70, 70, 70, 255, 70# 0, 0, 0, 255, 0# 0, 0, 0, 255, 0# 0, 0, 0, 255, 0# 0, 0, 0, 255, 0# 0, 0, 0, 0, 0# 0, 0, 0, 0, 0# 0, 0, 0, 0, 0# 0, 0, 0, 0, 0# 0, 0, 0, 0, 0 
0, 0, 0, 0, 0# 0, 0, 0, 0, 0# 70, 70, 70, 255, 70# 0, 0, 0, 0, 0# 0, 0, 0, 255, 0# 0, 0, 0, 255, 0# 70, 70, 70, 255, 70# 70, 70, 70, 255, 70# 70, 70, 70, 255, 70# 180, 180, 180, 255, 180# 180, 180, 180, 255, 180# 180, 180, 180, 255, 180# 180, 180, 180, 255, 180# 70, 70, 70, 255, 70# 70, 70, 70, 255, 70# 70, 70, 70, 255, 70# 70, 70, 70, 255, 70# 70, 70, 70, 255, 70# 70, 70, 70, 255, 70# 0, 0, 0, 255, 0# 0, 0, 0, 255, 0# 0, 0, 0, 0, 0# 0, 0, 0, 0, 0# 0, 0, 0, 0, 0# 0, 0, 0, 0, 0 
0, 0, 0, 0, 0# 0, 0, 0, 255, 0# 0, 0, 0, 255, 0# 0, 0, 0, 255, 0# 0, 0, 0, 255, 0# 70, 70, 70, 255, 70# 70, 70, 70, 255, 70# 70, 70, 70, 255, 70# 70, 70, 70, 255, 70# 180, 180, 180, 255, 180# 180, 180, 180, 255, 180# 180, 180, 180, 255, 180# 180, 180, 180, 255, 180# 70, 70, 70, 255, 70# 70, 70, 70, 255, 70# 70, 70, 70, 255, 70# 70, 70, 70, 255, 70# 70, 70, 70, 255, 70# 70, 70, 70, 255, 70# 70, 70, 70, 255, 70# 0, 0, 0, 255, 0# 0, 0, 0, 255, 0# 0, 0, 0, 0, 0# 0, 0, 0, 0, 0# 0, 0, 0, 0, 0 
0, 0, 0, 0, 0# 0, 0, 0, 255, 0# 180, 180, 180, 255, 180# 0, 0, 0, 255, 0# 180, 180, 180, 255, 180# 180, 180, 180, 255, 180# 180, 180, 180, 255, 180# 0, 0, 0, 255, 0# 180, 180, 180, 255, 180# 180, 180, 180, 255, 180# 180, 180, 180, 255, 180# 180, 180, 180, 255, 180# 180, 180, 180, 255, 180# 180, 180, 180, 255, 180# 180, 180, 180, 255, 180# 0, 0, 0, 255, 0# 0, 0, 0, 255, 0# 70, 70, 70, 255, 70# 70, 70, 70, 255, 70# 180, 180, 180, 255, 180# 180, 180, 180, 255, 180# 0, 0, 0, 255, 0# 0, 0, 0, 0, 0# 0, 0, 0, 0, 0# 0, 0, 0, 0, 0 
0, 0, 0, 0, 0# 0, 0, 0, 255, 0# 180, 180, 180, 255, 180# 0, 0, 0, 255, 0# 180, 180, 180, 255, 180# 180, 180, 180, 255, 180# 180, 180, 180, 255, 180# 0, 0, 0, 255, 0# 180, 180, 180, 255, 180# 180, 180, 180, 255, 180# 180, 180, 180, 255, 180# 180, 180, 180, 255, 180# 180, 180, 180, 255, 180# 180, 180, 180, 255, 180# 0, 0, 0, 255, 0# 0, 0, 0, 255, 0# 180, 180, 180, 255, 180# 180, 180, 180, 255, 180# 180, 180, 180, 255, 180# 180, 180, 180, 255, 180# 0, 0, 0, 255, 0# 0, 0, 0, 255, 0# 0, 0, 0, 0, 0# 0, 0, 0, 255, 0# 0, 0, 0, 255, 0 
0, 0, 0, 0, 0# 0, 0, 0, 255, 0# 0, 0, 0, 255, 0# 0, 0, 0, 255, 0# 180, 180, 180, 255, 180# 180, 180, 180, 255, 180# 0, 0, 0, 255, 0# 0, 0, 0, 255, 0# 0, 0, 0, 255, 0# 180, 180, 180, 255, 180# 180, 180, 180, 255, 180# 0, 0, 0, 255, 0# 0, 0, 0, 255, 0# 0, 0, 0, 255, 0# 0, 0, 0, 255, 0# 0, 0, 0, 255, 0# 180, 180, 180, 255, 180# 180, 180, 180, 255, 180# 180, 180, 180, 255, 180# 0, 0, 0, 255, 0# 0, 0, 0, 255, 0# 0, 0, 0, 0, 0# 0, 0, 0, 255, 0# 0, 0, 0, 255, 0# 0, 0, 0, 255, 0 
0, 0, 0, 0, 0# 0, 0, 0, 0, 0# 0, 0, 0, 255, 0# 0, 0, 0, 255, 0# 0, 0, 0, 255, 0# 0, 0, 0, 255, 0# 0, 0, 0, 255, 0# 0, 0, 0, 255, 0# 180, 180, 180, 255, 180# 180, 180, 180, 255, 180# 0, 0, 0, 255, 0# 0, 0, 0, 255, 0# 180, 180, 180, 255, 180# 0, 0, 0, 255, 0# 180, 180, 180, 255, 180# 0, 0, 0, 255, 0# 180, 180, 180, 255, 180# 180, 180, 180, 255, 180# 0, 0, 0, 255, 0# 0, 0, 0, 255, 0# 0, 0, 0, 0, 0# 0, 0, 0, 255, 0# 0, 0, 0, 255, 0# 180, 180, 180, 255, 180# 0, 0, 0, 255, 0 
0, 0, 0, 0, 0# 0, 0, 0, 0, 0# 0, 0, 0, 0, 0# 0, 0, 0, 0, 0# 0, 0, 0, 0, 0# 0, 0, 0, 0, 0# 0, 0, 0, 255, 0# 180, 180, 180, 255, 180# 0, 0, 0, 255, 0# 0, 0, 0, 255, 0# 0, 0, 0, 255, 0# 180, 180, 180, 255, 180# 180, 180, 180, 255, 180# 0, 0, 0, 255, 0# 180, 180, 180, 255, 180# 0, 0, 0, 255, 0# 0, 0, 0, 255, 0# 0, 0, 0, 255, 0# 0, 0, 0, 255, 0# 0, 0, 0, 255, 0# 0, 0, 0, 0, 0# 0, 0, 0, 255, 0# 180, 180, 180, 255, 180# 180, 180, 180, 255, 180# 0, 0, 0, 255, 0 
0, 0, 0, 0, 0# 0, 0, 0, 0, 0# 0, 0, 0, 0, 0# 0, 0, 0, 0, 0# 0, 0, 0, 0, 0# 0, 0, 0, 0, 0# 0, 0, 0, 255, 0# 180, 180, 180, 255, 180# 0, 0, 0, 255, 0# 0, 0, 0, 255, 0# 180, 180, 180, 255, 180# 180, 180, 180, 255, 180# 180, 180, 180, 255, 180# 0, 0, 0, 255, 0# 0, 0, 0, 255, 0# 0, 0, 0, 255, 0# 0, 0, 0, 255, 0# 180, 180, 180, 255, 180# 180, 180, 180, 255, 180# 0, 0, 0, 255, 0# 0, 0, 0, 255, 0# 0, 0, 0, 255, 0# 180, 180, 180, 255, 180# 180, 180, 180, 255, 180# 0, 0, 0, 255, 0 
0, 0, 0, 0, 0# 0, 0, 0, 0, 0# 0, 0, 0, 0, 0# 0, 0, 0, 0, 0# 0, 0, 0, 0, 0# 0, 0, 0, 0, 0# 0, 0, 0, 255, 0# 180, 180, 180, 255, 180# 180, 180, 180, 255, 180# 180, 180, 180, 255, 180# 180, 180, 180, 255, 180# 180, 180, 180, 255, 180# 180, 180, 180, 255, 180# 180, 180, 180, 255, 180# 180, 180, 180, 255, 180# 180, 180, 180, 255, 180# 180, 180, 180, 255, 180# 180, 180, 180, 255, 180# 180, 180, 180, 255, 180# 180, 180, 180, 255, 180# 180, 180, 180, 255, 180# 180, 180, 180, 255, 180# 180, 180, 180, 255, 180# 180, 180, 180, 255, 180# 0, 0, 0, 255, 0 
0, 0, 0, 0, 0# 0, 0, 0, 0, 0# 0, 0, 0, 0, 0# 0, 0, 0, 0, 0# 0, 0, 0, 0, 0# 0, 0, 0, 0, 0# 0, 0, 0, 255, 0# 0, 0, 0, 255, 0# 180, 180, 180, 255, 180# 180, 180, 180, 255, 180# 180, 180, 180, 255, 180# 180, 180, 180, 255, 180# 180, 180, 180, 255, 180# 180, 180, 180, 255, 180# 180, 180, 180, 255, 180# 180, 180, 180, 255, 180# 180, 180, 180, 255, 180# 180, 180, 180, 255, 180# 180, 180, 180, 255, 180# 180, 180, 180, 255, 180# 180, 180, 180, 255, 180# 0, 0, 0, 255, 0# 0, 0, 0, 255, 0# 0, 0, 0, 255, 0# 0, 0, 0, 255, 0 
0, 0, 0, 0, 0# 0, 0, 0, 0, 0# 0, 0, 0, 0, 0# 0, 0, 0, 0, 0# 0, 0, 0, 0, 0# 0, 0, 0, 0, 0# 0, 0, 0, 0, 0# 0, 0, 0, 255, 0# 180, 180, 180, 255, 180# 180, 180, 180, 255, 180# 180, 180, 180, 255, 180# 180, 180, 180, 255, 180# 180, 180, 180, 255, 180# 180, 180, 180, 255, 180# 0, 0, 0, 255, 0# 180, 180, 180, 255, 180# 180, 180, 180, 255, 180# 180, 180, 180, 255, 180# 180, 180, 180, 255, 180# 0, 0, 0, 255, 0# 0, 0, 0, 255, 0# 0, 0, 0, 255, 0# 0, 0, 0, 0, 0# 0, 0, 0, 255, 0# 0, 0, 0, 0, 0 
0, 0, 0, 0, 0# 0, 0, 0, 0, 0# 0, 0, 0, 0, 0# 0, 0, 0, 0, 0# 0, 0, 0, 0, 0# 0, 0, 0, 0, 0# 0, 0, 0, 0, 0# 0, 0, 0, 255, 0# 180, 180, 180, 255, 180# 180, 180, 180, 255, 180# 180, 180, 180, 255, 180# 180, 180, 180, 255, 180# 180, 180, 180, 255, 180# 180, 180, 180, 255, 180# 0, 0, 0, 255, 0# 180, 180, 180, 255, 180# 180, 180, 180, 255, 180# 180, 180, 180, 255, 180# 180, 180, 180, 255, 180# 0, 0, 0, 255, 0# 0, 0, 0, 255, 0# 0, 0, 0, 0, 0# 0, 0, 0, 0, 0# 0, 0, 0, 0, 0# 0, 0, 0, 0, 0 
0, 0, 0, 0, 0# 0, 0, 0, 0, 0# 0, 0, 0, 0, 0# 0, 0, 0, 0, 0# 0, 0, 0, 0, 0# 0, 0, 0, 0, 0# 0, 0, 0, 0, 0# 0, 0, 0, 255, 0# 0, 0, 0, 255, 0# 180, 180, 180, 255, 180# 180, 180, 180, 255, 180# 180, 180, 180, 255, 180# 180, 180, 180, 255, 180# 180, 180, 180, 255, 180# 0, 0, 0, 255, 0# 180, 180, 180, 255, 180# 180, 180, 180, 255, 180# 180, 180, 180, 255, 180# 180, 180, 180, 255, 180# 0, 0, 0, 255, 0# 0, 0, 0, 0, 0# 0, 0, 0, 0, 0# 0, 0, 0, 0, 0# 0, 0, 0, 0, 0# 0, 0, 0, 0, 0 
0, 0, 0, 0, 0# 0, 0, 0, 0, 0# 0, 0, 0, 0, 0# 0, 0, 0, 0, 0# 0, 0, 0, 0, 0# 0, 0, 0, 0, 0# 0, 0, 0, 0, 0# 0, 0, 0, 255, 0# 0, 0, 0, 255, 0# 0, 0, 0, 255, 0# 180, 180, 180, 255, 180# 180, 180, 180, 255, 180# 180, 180, 180, 255, 180# 180, 180, 180, 255, 180# 0, 0, 0, 255, 0# 0, 0, 0, 255, 0# 180, 180, 180, 255, 180# 180, 180, 180, 255, 180# 180, 180, 180, 255, 180# 0, 0, 0, 255, 0# 0, 0, 0, 0, 0# 0, 0, 0, 0, 0# 0, 0, 0, 0, 0# 0, 0, 0, 0, 0# 0, 0, 0, 0, 0 
0, 0, 0, 0, 0# 0, 0, 0, 0, 0# 0, 0, 0, 0, 0# 0, 0, 0, 0, 0# 0, 0, 0, 0, 0# 0, 0, 0, 0, 0# 0, 0, 0, 0, 0# 0, 0, 0, 255, 0# 70, 70, 70, 255, 70# 0, 0, 0, 255, 0# 0, 0, 0, 255, 0# 0, 0, 0, 255, 0# 0, 0, 0, 255, 0# 0, 0, 0, 255, 0# 0, 0, 0, 255, 0# 0, 0, 0, 255, 0# 70, 70, 70, 255, 70# 70, 70, 70, 255, 70# 180, 180, 180, 255, 180# 0, 0, 0, 255, 0# 0, 0, 0, 255, 0# 0, 0, 0, 0, 0# 0, 0, 0, 0, 0# 0, 0, 0, 0, 0# 0, 0, 0, 0, 0 
0, 0, 0, 0, 0# 0, 0, 0, 0, 0# 0, 0, 0, 0, 0# 0, 0, 0, 0, 0# 0, 0, 0, 0, 0# 0, 0, 0, 0, 0# 0, 0, 0, 255, 0# 0, 0, 0, 255, 0# 70, 70, 70, 255, 70# 70, 70, 70, 255, 70# 70, 70, 70, 255, 70# 0, 0, 0, 255, 0# 0, 0, 0, 0, 0# 0, 0, 0, 0, 0# 0, 0, 0, 0, 0# 0, 0, 0, 255, 0# 156, 90, 60, 255, 102# 70, 70, 70, 255, 70# 70, 70, 70, 255, 70# 70, 70, 70, 255, 70# 0, 0, 0, 255, 0# 0, 0, 0, 0, 0# 0, 0, 0, 0, 0# 0, 0, 0, 0, 0# 0, 0, 0, 0, 0 
0, 0, 0, 0, 0# 0, 0, 0, 0, 0# 0, 0, 0, 0, 0# 0, 0, 0, 0, 0# 0, 0, 0, 0, 0# 0, 0, 0, 0, 0# 0, 0, 0, 255, 0# 156, 90, 60, 255, 102# 70, 70, 70, 255, 70# 180, 180, 180, 255, 180# 180, 180, 180, 255, 180# 0, 0, 0, 255, 0# 0, 0, 0, 0, 0# 0, 0, 0, 0, 0# 0, 0, 0, 0, 0# 0, 0, 0, 255, 0# 156, 90, 60, 255, 102# 70, 70, 70, 255, 70# 180, 180, 180, 255, 180# 180, 180, 180, 255, 180# 0, 0, 0, 255, 0# 0, 0, 0, 0, 0# 0, 0, 0, 0, 0# 0, 0, 0, 0, 0# 0, 0, 0, 0, 0 
0, 0, 0, 0, 0# 0, 0, 0, 0, 0# 0, 0, 0, 0, 0# 0, 0, 0, 0, 0# 0, 0, 0, 0, 0# 0, 0, 0, 0, 0# 0, 0, 0, 255, 0# 156, 90, 60, 255, 102# 70, 70, 70, 255, 70# 180, 180, 180, 255, 180# 180, 180, 180, 255, 180# 0, 0, 0, 255, 0# 0, 0, 0, 0, 0# 0, 0, 0, 0, 0# 0, 0, 0, 0, 0# 0, 0, 0, 255, 0# 70, 70, 70, 255, 70# 70, 70, 70, 255, 70# 180, 180, 180, 255, 180# 0, 0, 0, 255, 0# 0, 0, 0, 0, 0# 0, 0, 0, 0, 0# 0, 0, 0, 0, 0# 0, 0, 0, 0, 0# 0, 0, 0, 0, 0 
0, 0, 0, 0, 0# 0, 0, 0, 0, 0# 0, 0, 0, 0, 0# 0, 0, 0, 0, 0# 0, 0, 0, 0, 0# 0, 0, 0, 255, 0# 0, 0, 0, 255, 0# 70, 70, 70, 255, 70# 70, 70, 70, 255, 70# 180, 180, 180, 255, 180# 180, 180, 180, 255, 180# 0, 0, 0, 255, 0# 0, 0, 0, 0, 0# 0, 0, 0, 0, 0# 0, 0, 0, 0, 0# 0, 0, 0, 255, 0# 180, 180, 180, 255, 180# 180, 180, 180, 255, 180# 180, 180, 180, 255, 180# 0, 0, 0, 255, 0# 0, 0, 0, 0, 0# 0, 0, 0, 0, 0# 0, 0, 0, 0, 0# 0, 0, 0, 0, 0# 0, 0, 0, 0, 0 
0, 0, 0, 0, 0# 0, 0, 0, 0, 0# 0, 0, 0, 0, 0# 0, 0, 0, 0, 0# 0, 0, 0, 0, 0# 0, 0, 0, 255, 0# 180, 180, 180, 255, 180# 180, 180, 180, 255, 180# 180, 180, 180, 255, 180# 180, 180, 180, 255, 180# 180, 180, 180, 255, 180# 0, 0, 0, 255, 0# 0, 0, 0, 0, 0# 0, 0, 0, 0, 0# 0, 0, 0, 255, 0# 0, 0, 0, 255, 0# 180, 180, 180, 255, 180# 180, 180, 180, 255, 180# 0, 0, 0, 255, 0# 0, 0, 0, 255, 0# 0, 0, 0, 0, 0# 0, 0, 0, 0, 0# 0, 0, 0, 0, 0# 0, 0, 0, 0, 0# 0, 0, 0, 0, 0 
0, 0, 0, 0, 0# 0, 0, 0, 0, 0# 0, 0, 0, 0, 0# 0, 0, 0, 0, 0# 0, 0, 0, 255, 0# 0, 0, 0, 255, 0# 180, 180, 180, 255, 180# 180, 180, 180, 255, 180# 180, 180, 180, 255, 180# 180, 180, 180, 255, 180# 0, 0, 0, 255, 0# 0, 0, 0, 0, 0# 0, 0, 0, 0, 0# 0, 0, 0, 255, 0# 0, 0, 0, 255, 0# 180, 180, 180, 255, 180# 180, 180, 180, 255, 180# 180, 180, 180, 255, 180# 0, 0, 0, 255, 0# 0, 0, 0, 0, 0# 0, 0, 0, 0, 0# 0, 0, 0, 0, 0# 0, 0, 0, 0, 0# 0, 0, 0, 0, 0# 0, 0, 0, 0, 0 
0, 0, 0, 0, 0# 0, 0, 0, 0, 0# 0, 0, 0, 0, 0# 0, 0, 0, 0, 0# 0, 0, 0, 255, 0# 0, 0, 0, 255, 0# 0, 0, 0, 255, 0# 0, 0, 0, 255, 0# 0, 0, 0, 255, 0# 0, 0, 0, 255, 0# 0, 0, 0, 255, 0# 0, 0, 0, 0, 0# 0, 0, 0, 255, 0# 0, 0, 0, 255, 0# 0, 0, 0, 255, 0# 0, 0, 0, 255, 0# 0, 0, 0, 255, 0# 0, 0, 0, 255, 0# 0, 0, 0, 255, 0# 0, 0, 0, 0, 0# 0, 0, 0, 0, 0# 0, 0, 0, 0, 0# 0, 0, 0, 0, 0# 0, 0, 0, 0, 0# 0, 0, 0, 0, 0 
