0, 0, 0, 0, 0# 0, 0, 0, 0, 0# 0, 0, 0, 0, 0# 0, 0, 0, 0, 0# 0, 0, 0, 0, 0# 0, 0, 0, 0, 0# 0, 0, 0, 0, 0# 0, 0, 0, 0, 0# 0, 0, 0, 0, 0# 0, 0, 0, 0, 0# 0, 0, 0, 0, 0# 0, 0, 0, 0, 0# 0, 0, 0, 255, 0# 0, 0, 0, 255, 0# 0, 0, 0, 255, 0# 0, 0, 0, 255, 0# 0, 0, 0, 255, 0# 0, 0, 0, 0, 0# 0, 0, 0, 0, 0# 0, 0, 0, 0, 0# 0, 0, 0, 0, 0# 0, 0, 0, 0, 0# 0, 0, 0, 0, 0# 0, 0, 0, 0, 0# 0, 0, 0, 0, 0 
0, 0, 0, 0, 0# 0, 0, 0, 0, 0# 0, 0, 0, 0, 0# 0, 0, 0, 0, 0# 0, 0, 0, 0, 0# 0, 0, 0, 0, 0# 0, 0, 0, 0, 0# 0, 0, 0, 0, 0# 0, 0, 0, 0, 0# 0, 0, 0, 0, 0# 0, 0, 0, 0, 0# 0, 0, 0, 255, 0# 0, 0, 0, 255, 0# 18, 18, 18, 255, 18# 0, 0, 0, 255, 0# 0, 0, 0, 255, 0# 0, 0, 0, 255, 0# 0, 0, 0, 255, 0# 0, 0, 0, 0, 0# 0, 0, 0, 0, 0# 0, 0, 0, 0, 0# 0, 0, 0, 0, 0# 255, 194, 14, 255, 154# 0, 0, 0, 0, 0# 0, 0, 0, 0, 0 
0, 0, 0, 0, 0# 0, 0, 0, 0, 0# 0, 0, 0, 0, 0# 0, 0, 0, 0, 0# 0, 0, 0, 0, 0# 0, 0, 0, 0, 0# 0, 0, 0, 0, 0# 0, 0, 0, 0, 0# 0, 0, 0, 0, 0# 0, 0, 0, 0, 0# 0, 0, 0, 255, 0# 0, 0, 0, 255, 0# 18, 18, 18, 255, 18# 0, 0, 0, 255, 0# 0, 0, 0, 255, 0# 0, 0, 0, 255, 0# 0, 0, 0, 255, 0# 0, 0, 0, 255, 0# 0, 0, 0, 255, 0# 0, 0, 0, 0, 0# 0, 0, 0, 0, 0# 255, 194, 14, 255, 154# 0, 0, 0, 255, 0# 255, 194, 14, 255, 154# 0, 0, 0, 0, 0 
0, 0, 0, 0, 0# 0, 0, 0, 0, 0# 0, 0, 0, 0, 0# 0, 0, 0, 0, 0# 0, 0, 0, 0, 0# 0, 0, 0, 0, 0# 0, 0, 0, 0, 0# 0, 0, 0, 0, 0# 0, 0, 0, 0, 0# 0, 0, 0, 255, 0# 0, 0, 0, 255, 0# 0, 0, 0, 255, 0# 0, 0, 0, 255, 0# 0, 0, 0, 255, 0# 0, 0, 0, 255, 0# 0, 0, 0, 255, 0# 0, 0, 0, 255, 0# 0, 0, 0, 255, 0# 0, 0, 0, 255, 0# 0, 0, 0, 255, 0# 0, 0, 0, 0, 0# 0, 0, 0, 0, 0# 18, 18, 18, 255, 18# 0, 0, 0, 0, 0# 0, 0, 0, 0, 0 
0, 0, 0, 0, 0# 0, 0, 0, 0, 0# 0, 0, 0, 0, 0# 0, 0, 0, 0, 0# 0, 0, 0, 0, 0# 0, 0, 0, 0, 0# 0, 0, 0, 0, 0# 0, 0, 0, 0, 0# 0, 0, 0, 0, 0# 0, 0, 0, 255, 0# 237, 28, 36, 255, 100# 237, 28, 36, 255, 100# 237, 28, 36, 255, 100# 237, 28, 36, 255, 100# 237, 28, 36, 255, 100# 237, 28, 36, 255, 100# 0, 0, 0, 255, 0# 0, 0, 0, 255, 0# 0, 0, 0, 255, 0# 0, 0, 0, 255, 0# 0, 0, 0, 0, 0# 0, 0, 0, 0, 0# 18, 18, 18, 255, 18# 0, 0, 0, 0, 0# 0, 0, 0, 0, 0 
0, 0, 0, 0, 0# 0, 0, 0, 0, 0# 0, 0, 0, 0, 0# 0, 0, 0, 0, 0# 0, 0, 0, 0, 0# 0, 0, 0, 0, 0# 0, 0, 0, 0, 0# 0, 0, 0, 0, 0# 0, 0, 0, 0, 0# 0, 0, 0, 255, 0# 0, 0, 0, 255, 0# 237, 28, 36, 255, 100# 237, 28, 36, 255, 100# 0, 0, 0, 255, 0# 0, 0, 0, 255, 0# 18, 18, 18, 255, 18# 18, 18, 18, 255, 18# 18, 18, 18, 255, 18# 18, 18, 18, 255, 18# 0, 0, 0, 255, 0# 0, 0, 0, 0, 0# 0, 0, 0, 0, 0# 18, 18, 18, 255, 18# 0, 0, 0, 0, 0# 0, 0, 0, 0, 0 
0, 0, 0, 0, 0# 0, 0, 0, 0, 0# 0, 0, 0, 0, 0# 0, 0, 0, 0, 0# 0, 0, 0, 0, 0# 0, 0, 0, 0, 0# 0, 0, 0, 0, 0# 0, 0, 0, 0, 0# 0, 0, 0, 0, 0# 0, 0, 0, 255, 0# 0, 0, 0, 255, 0# 237, 28, 36, 255, 100# 237, 28, 36, 255, 100# 0, 0, 0, 255, 0# 18, 18, 18, 255, 18# 0, 0, 0, 255, 0# 0, 0, 0, 255, 0# 0, 0, 0, 255, 0# 0, 0, 0, 255, 0# 0, 0, 0, 255, 0# 0, 0, 0, 255, 0# 0, 0, 0, 255, 0# 18, 18, 18, 255, 18# 0, 0, 0, 0, 0# 0, 0, 0, 0, 0 
0, 0, 0, 0, 0# 0, 0, 0, 0, 0# 0, 0, 0, 0, 0# 0, 0, 0, 0, 0# 0, 0, 0, 0, 0# 0, 0, 0, 0, 0# 0, 0, 0, 0, 0# 0, 0, 0, 0, 0# 0, 0, 0, 0, 0# 0, 0, 0, 255, 0# 0, 0, 0, 255, 0# 0, 0, 0, 255, 0# 0, 0, 0, 255, 0# 18, 18, 18, 255, 18# 0, 0, 0, 255, 0# 0, 0, 0, 255, 0# 199, 199, 199, 255, 199# 199, 199, 199, 255, 199# 199, 199, 199, 255, 199# 180, 180, 180, 255, 180# 180, 180, 180, 255, 180# 180, 180, 180, 255, 180# 0, 0, 0, 255, 0# 0, 0, 0, 0, 0# 0, 0, 0, 0, 0 
0, 0, 0, 0, 0# 0, 0, 0, 0, 0# 0, 0, 0, 0, 0# 0, 0, 0, 0, 0# 0, 0, 0, 0, 0# 0, 0, 0, 0, 0# 0, 0, 0, 0, 0# 0, 0, 0, 0, 0# 0, 0, 0, 0, 0# 0, 0, 0, 255, 0# 0, 0, 0, 255, 0# 0, 0, 0, 255, 0# 18, 18, 18, 255, 18# 0, 0, 0, 255, 0# 0, 0, 0, 255, 0# 199, 199, 199, 255, 199# 199, 199, 199, 255, 199# 0, 0, 0, 255, 0# 0, 0, 0, 255, 0# 0, 0, 0, 255, 0# 0, 0, 0, 255, 0# 180, 180, 180, 255, 180# 180, 180, 180, 255, 180# 0, 0, 0, 255, 0# 0, 0, 0, 0, 0 
0, 0, 0, 0, 0# 0, 0, 0, 0, 0# 0, 0, 0, 0, 0# 0, 0, 0, 0, 0# 0, 0, 0, 0, 0# 0, 0, 0, 0, 0# 0, 0, 0, 0, 0# 0, 0, 0, 0, 0# 0, 0, 0, 255, 0# 199, 199, 199, 255, 199# 180, 180, 180, 255, 180# 0, 0, 0, 255, 0# 0, 0, 0, 255, 0# 199, 199, 199, 255, 199# 199, 199, 199, 255, 199# 199, 199, 199, 255, 199# 199, 199, 199, 255, 199# 199, 199, 199, 255, 199# 199, 199, 199, 255, 199# 199, 199, 199, 255, 199# 199, 199, 199, 255, 199# 199, 199, 199, 255, 199# 180, 180, 180, 255, 180# 180, 180, 180, 255, 180# 0, 0, 0, 255, 0 
0, 0, 0, 0, 0# 0, 0, 0, 0, 0# 0, 0, 0, 0, 0# 0, 0, 0, 0, 0# 0, 0, 0, 0, 0# 0, 0, 0, 0, 0# 0, 0, 0, 0, 0# 0, 0, 0, 255, 0# 199, 199, 199, 255, 199# 180, 180, 180, 255, 180# 0, 0, 0, 255, 0# 180, 180, 180, 255, 180# 180, 180, 180, 255, 180# 199, 199, 199, 255, 199# 199, 199, 199, 255, 199# 0, 0, 0, 255, 0# 199, 199, 199, 255, 199# 199, 199, 199, 255, 199# 199, 199, 199, 255, 199# 199, 199, 199, 255, 199# 199, 199, 199, 255, 199# 199, 199, 199, 255, 199# 199, 199, 199, 255, 199# 180, 180, 180, 255, 180# 0, 0, 0, 255, 0 
0, 0, 0, 0, 0# 0, 0, 0, 0, 0# 0, 0, 0, 0, 0# 0, 0, 0, 0, 0# 0, 0, 0, 0, 0# 0, 0, 0, 0, 0# 0, 0, 0, 0, 0# 0, 0, 0, 255, 0# 180, 180, 180, 255, 180# 0, 0, 0, 255, 0# 180, 180, 180, 255, 180# 0, 0, 0, 0, 0# 199, 199, 199, 255, 199# 199, 199, 199, 255, 199# 0, 0, 0, 255, 0# 0, 0, 0, 255, 0# 199, 199, 199, 255, 199# 199, 199, 199, 255, 199# 199, 199, 199, 255, 199# 199, 199, 199, 255, 199# 199, 199, 199, 255, 199# 199, 199, 199, 255, 199# 199, 199, 199, 255, 199# 0, 0, 0, 255, 0# 0, 0, 0, 255, 0 
0, 0, 0, 0, 0# 0, 0, 0, 0, 0# 0, 0, 0, 0, 0# 0, 0, 0, 0, 0# 0, 0, 0, 0, 0# 0, 0, 0, 0, 0# 0, 0, 0, 0, 0# 0, 0, 0, 255, 0# 176, 174, 176, 255, 175# 0, 0, 0, 255, 0# 180, 180, 180, 255, 180# 199, 199, 199, 255, 199# 199, 199, 199, 255, 199# 199, 199, 199, 255, 199# 0, 0, 0, 255, 0# 199, 199, 199, 255, 199# 199, 199, 199, 255, 199# 48, 48, 48, 255, 48# 48, 48, 48, 255, 48# 48, 48, 48, 255, 48# 48, 48, 48, 255, 48# 48, 48, 48, 255, 48# 199, 199, 199, 255, 199# 180, 180, 180, 255, 180# 0, 0, 0, 255, 0 
0, 0, 0, 0, 0# 0, 0, 0, 0, 0# 0, 0, 0, 0, 0# 0, 0, 0, 0, 0# 0, 0, 0, 0, 0# 0, 0, 0, 0, 0# 0, 0, 0, 0, 0# 0, 0, 0, 255, 0# 176, 174, 176, 255, 175# 0, 0, 0, 255, 0# 199, 199, 199, 255, 199# 199, 199, 199, 255, 199# 199, 199, 199, 255, 199# 199, 199, 199, 255, 199# 0, 0, 0, 255, 0# 199, 199, 199, 255, 199# 199, 199, 199, 255, 199# 199, 199, 199, 255, 199# 199, 199, 199, 255, 199# 199, 199, 199, 255, 199# 199, 199, 199, 255, 199# 199, 199, 199, 255, 199# 199, 199, 199, 255, 199# 199, 199, 199, 255, 199# 0, 0, 0, 255, 0 
0, 0, 0, 0, 0# 0, 0, 0, 0, 0# 0, 0, 0, 0, 0# 0, 0, 0, 0, 0# 0, 0, 0, 0, 0# 0, 0, 0, 0, 0# 0, 0, 0, 255, 0# 0, 0, 0, 255, 0# 176, 174, 176, 255, 175# 0, 0, 0, 255, 0# 199, 199, 199, 255, 199# 199, 199, 199, 255, 199# 199, 199, 199, 255, 199# 199, 199, 199, 255, 199# 199, 199, 199, 255, 199# 0, 0, 0, 255, 0# 199, 199, 199, 255, 199# 199, 199, 199, 255, 199# 48, 48, 48, 255, 48# 48, 48, 48, 255, 48# 48, 48, 48, 255, 48# 48, 48, 48, 255, 48# 199, 199, 199, 255, 199# 176, 174, 176, 255, 175# 0, 0, 0, 255, 0 
0, 0, 0, 0, 0# 0, 0, 0, 0, 0# 0, 0, 0, 0, 0# 0, 0, 0, 0, 0# 0, 0, 0, 0, 0# 0, 0, 0, 255, 0# 0, 0, 0, 255, 0# 199, 199, 199, 255, 199# 176, 174, 176, 255, 175# 0, 0, 0, 255, 0# 199, 199, 199, 255, 199# 199, 199, 199, 255, 199# 180, 180, 180, 255, 180# 180, 180, 180, 255, 180# 180, 180, 180, 255, 180# 199, 199, 199, 255, 199# 0, 0, 0, 255, 0# 199, 199, 199, 255, 199# 199, 199, 199, 255, 199# 199, 199, 199, 255, 199# 199, 199, 199, 255, 199# 199, 199, 199, 255, 199# 176, 174, 176, 255, 175# 176, 174, 176, 255, 175# 0, 0, 0, 255, 0 
0, 0, 0, 0, 0# 0, 0, 0, 0, 0# 0, 0, 0, 0, 0# 0, 0, 0, 0, 0# 0, 0, 0, 255, 0# 0, 0, 0, 255, 0# 199, 199, 199, 255, 199# 0, 0, 0, 255, 0# 199, 199, 199, 255, 199# 0, 0, 0, 255, 0# 180, 180, 180, 255, 180# 180, 180, 180, 255, 180# 0, 0, 0, 255, 0# 180, 180, 180, 255, 180# 180, 180, 180, 255, 180# 180, 180, 180, 255, 180# 0, 0, 0, 255, 0# 0, 0, 0, 255, 0# 199, 199, 199, 255, 199# 199, 199, 199, 255, 199# 199, 199, 199, 255, 199# 176, 174, 176, 255, 175# 176, 174, 176, 255, 175# 0, 0, 0, 255, 0# 0, 0, 0, 0, 0 
0, 0, 0, 0, 0# 0, 0, 0, 0, 0# 0, 0, 0, 0, 0# 0, 0, 0, 0, 0# 0, 0, 0, 255, 0# 199, 199, 199, 255, 199# 199, 199, 199, 255, 199# 0, 0, 0, 255, 0# 180, 180, 180, 255, 180# 176, 174, 176, 255, 175# 180, 180, 180, 255, 180# 0, 0, 0, 255, 0# 0, 0, 0, 255, 0# 0, 0, 0, 255, 0# 180, 180, 180, 255, 180# 0, 0, 0, 255, 0# 0, 0, 0, 255, 0# 0, 0, 0, 255, 0# 0, 0, 0, 255, 0# 180, 180, 180, 255, 180# 176, 174, 176, 255, 175# 176, 174, 176, 255, 175# 0, 0, 0, 255, 0# 0, 0, 0, 255, 0# 0, 0, 0, 0, 0 
0, 0, 0, 0, 0# 0, 0, 0, 0, 0# 0, 0, 0, 0, 0# 0, 0, 0, 0, 0# 0, 0, 0, 255, 0# 199, 199, 199, 255, 199# 0, 0, 0, 255, 0# 180, 180, 180, 255, 180# 176, 174, 176, 255, 175# 0, 0, 0, 255, 0# 0, 0, 0, 255, 0# 0, 0, 0, 255, 0# 0, 0, 0, 255, 0# 0, 0, 0, 255, 0# 0, 0, 0, 255, 0# 180, 180, 180, 255, 180# 0, 0, 0, 255, 0# 0, 0, 0, 255, 0# 0, 0, 0, 255, 0# 0, 0, 0, 255, 0# 0, 0, 0, 255, 0# 0, 0, 0, 255, 0# 0, 0, 0, 255, 0# 0, 0, 0, 0, 0# 0, 0, 0, 0, 0 
0, 0, 0, 0, 0# 0, 0, 0, 0, 0# 0, 0, 0, 0, 0# 18, 18, 18, 255, 18# 0, 0, 0, 255, 0# 0, 0, 0, 255, 0# 0, 0, 0, 255, 0# 176, 174, 176, 255, 175# 0, 0, 0, 255, 0# 0, 0, 0, 0, 0# 0, 0, 0, 255, 0# 0, 0, 0, 255, 0# 0, 0, 0, 255, 0# 0, 0, 0, 255, 0# 0, 0, 0, 255, 0# 0, 0, 0, 255, 0# 0, 0, 0, 255, 0# 0, 0, 0, 255, 0# 199, 199, 199, 255, 199# 199, 199, 199, 255, 199# 199, 199, 199, 255, 199# 199, 199, 199, 255, 199# 0, 0, 0, 255, 0# 0, 0, 0, 255, 0# 0, 0, 0, 0, 0 
0, 0, 0, 0, 0# 0, 0, 0, 0, 0# 0, 0, 0, 255, 0# 0, 0, 0, 255, 0# 0, 0, 0, 255, 0# 0, 0, 0, 255, 0# 0, 0, 0, 255, 0# 0, 0, 0, 255, 0# 0, 0, 0, 0, 0# 0, 0, 0, 255, 0# 0, 0, 0, 255, 0# 0, 0, 0, 255, 0# 0, 0, 0, 255, 0# 0, 0, 0, 255, 0# 0, 0, 0, 255, 0# 0, 0, 0, 255, 0# 180, 180, 180, 255, 180# 0, 0, 0, 255, 0# 199, 199, 199, 255, 199# 199, 199, 199, 255, 199# 199, 199, 199, 255, 199# 199, 199, 199, 255, 199# 199, 199, 199, 255, 199# 0, 0, 0, 255, 0# 0, 0, 0, 0, 0 
0, 0, 0, 0, 0# 0, 0, 0, 255, 0# 180, 180, 180, 255, 180# 18, 18, 18, 255, 18# 0, 0, 0, 255, 0# 0, 0, 0, 255, 0# 0, 0, 0, 255, 0# 0, 0, 0, 255, 0# 0, 0, 0, 255, 0# 0, 0, 0, 255, 0# 180, 180, 180, 255, 180# 0, 0, 0, 255, 0# 0, 0, 0, 255, 0# 0, 0, 0, 255, 0# 0, 0, 0, 255, 0# 0, 0, 0, 255, 0# 199, 199, 199, 255, 199# 0, 0, 0, 255, 0# 199, 199, 199, 255, 199# 0, 0, 0, 255, 0# 0, 0, 0, 255, 0# 199, 199, 199, 255, 199# 199, 199, 199, 255, 199# 0, 0, 0, 255, 0# 0, 0, 0, 0, 0 
0, 0, 0, 255, 0# 180, 180, 180, 255, 180# 180, 180, 180, 255, 180# 0, 0, 0, 255, 0# 0, 0, 0, 255, 0# 0, 0, 0, 255, 0# 0, 0, 0, 255, 0# 70, 70, 70, 255, 70# 70, 70, 70, 255, 70# 0, 0, 0, 255, 0# 180, 180, 180, 255, 180# 0, 0, 0, 255, 0# 0, 0, 0, 255, 0# 0, 0, 0, 255, 0# 0, 0, 0, 255, 0# 180, 180, 180, 255, 180# 199, 199, 199, 255, 199# 0, 0, 0, 255, 0# 199, 199, 199, 255, 199# 199, 199, 199, 255, 199# 199, 199, 199, 255, 199# 199, 199, 199, 255, 199# 199, 199, 199, 255, 199# 0, 0, 0, 255, 0# 0, 0, 0, 0, 0 
0, 0, 0, 255, 0# 0, 0, 0, 255, 0# 180, 180, 180, 255, 180# 180, 180, 180, 255, 180# 0, 0, 0, 255, 0# 0, 0, 0, 255, 0# 180, 180, 180, 255, 180# 70, 70, 70, 255, 70# 0, 0, 0, 255, 0# 199, 199, 199, 255, 199# 199, 199, 199, 255, 199# 199, 199, 199, 255, 199# 180, 180, 180, 255, 180# 180, 180, 180, 255, 180# 180, 180, 180, 255, 180# 199, 199, 199, 255, 199# 199, 199, 199, 255, 199# 0, 0, 0, 255, 0# 199, 199, 199, 255, 199# 0, 0, 0, 255, 0# 0, 0, 0, 255, 0# 199, 199, 199, 255, 199# 0, 0, 0, 255, 0# 0, 0, 0, 0, 0# 0, 0, 0, 0, 0 
0, 0, 0, 0, 0# 0, 0, 0, 255, 0# 180, 180, 180, 255, 180# 70, 70, 70, 255, 70# 0, 0, 0, 255, 0# 0, 0, 0, 255, 0# 70, 70, 70, 255, 70# 0, 0, 0, 255, 0# 0, 0, 0, 255, 0# 0, 0, 0, 0, 0# 199, 199, 199, 255, 199# 199, 199, 199, 255, 199# 199, 199, 199, 255, 199# 199, 199, 199, 255, 199# 199, 199, 199, 255, 199# 199, 199, 199, 255, 199# 199, 199, 199, 255, 199# 0, 0, 0, 255, 0# 199, 199, 199, 255, 199# 199, 199, 199, 255, 199# 199, 199, 199, 255, 199# 199, 199, 199, 255, 199# 0, 0, 0, 255, 0# 0, 0, 0, 0, 0# 0, 0, 0, 0, 0 
0, 0, 0, 0, 0# 0, 0, 0, 255, 0# 180, 180, 180, 255, 180# 70, 70, 70, 255, 70# 180, 180, 180, 255, 180# 180, 180, 180, 255, 180# 0, 0, 0, 255, 0# 0, 0, 0, 0, 0# 0, 0, 0, 255, 0# 199, 199, 199, 255, 199# 199, 199, 199, 255, 199# 199, 199, 199, 255, 199# 0, 0, 0, 255, 0# 199, 199, 199, 255, 199# 199, 199, 199, 255, 199# 199, 199, 199, 255, 199# 199, 199, 199, 255, 199# 199, 199, 199, 255, 199# 0, 0, 0, 255, 0# 199, 199, 199, 255, 199# 199, 199, 199, 255, 199# 0, 0, 0, 255, 0# 0, 0, 0, 255, 0# 0, 0, 0, 0, 0# 0, 0, 0, 0, 0 
0, 0, 0, 0, 0# 0, 0, 0, 255, 0# 180, 180, 180, 255, 180# 70, 70, 70, 255, 70# 180, 180, 180, 255, 180# 0, 0, 0, 255, 0# 0, 0, 0, 0, 0# 0, 0, 0, 0, 0# 0, 0, 0, 255, 0# 199, 199, 199, 255, 199# 199, 199, 199, 255, 199# 180, 180, 180, 255, 180# 70, 70, 70, 255, 70# 199, 199, 199, 255, 199# 199, 199, 199, 255, 199# 199, 199, 199, 255, 199# 199, 199, 199, 255, 199# 199, 199, 199, 255, 199# 0, 0, 0, 255, 0# 199, 199, 199, 255, 199# 199, 199, 199, 255, 199# 0, 0, 0, 255, 0# 0, 0, 0, 255, 0# 0, 0, 0, 255, 0# 0, 0, 0, 0, 0 
0, 0, 0, 0, 0# 0, 0, 0, 255, 0# 180, 180, 180, 255, 180# 70, 70, 70, 255, 70# 0, 0, 0, 255, 0# 0, 0, 0, 0, 0# 0, 0, 0, 0, 0# 0, 0, 0, 0, 0# 0, 0, 0, 255, 0# 199, 199, 199, 255, 199# 199, 199, 199, 255, 199# 180, 180, 180, 255, 180# 0, 0, 0, 255, 0# 199, 199, 199, 255, 199# 199, 199, 199, 255, 199# 199, 199, 199, 255, 199# 199, 199, 199, 255, 199# 199, 199, 199, 255, 199# 0, 0, 0, 255, 0# 0, 0, 0, 255, 0# 0, 0, 0, 255, 0# 0, 0, 0, 255, 0# 0, 0, 0, 255, 0# 0, 0, 0, 255, 0# 0, 0, 0, 0, 0 
0, 0, 0, 0, 0# 0, 0, 0, 255, 0# 180, 180, 180, 255, 180# 70, 70, 70, 255, 70# 0, 0, 0, 255, 0# 0, 0, 0, 0, 0# 0, 0, 0, 0, 0# 0, 0, 0, 0, 0# 0, 0, 0, 255, 0# 199, 199, 199, 255, 199# 199, 199, 199, 255, 199# 180, 180, 180, 255, 180# 0, 0, 0, 255, 0# 199, 199, 199, 255, 199# 199, 199, 199, 255, 199# 199, 199, 199, 255, 199# 0, 0, 0, 0, 0# 199, 199, 199, 255, 199# 180, 180, 180, 255, 180# 0, 0, 0, 255, 0# 18, 18, 18, 255, 18# 0, 0, 0, 255, 0# 18, 18, 18, 255, 18# 0, 0, 0, 255, 0# 0, 0, 0, 0, 0 
0, 0, 0, 0, 0# 0, 0, 0, 255, 0# 180, 180, 180, 255, 180# 70, 70, 70, 255, 70# 0, 0, 0, 255, 0# 0, 0, 0, 0, 0# 0, 0, 0, 0, 0# 0, 0, 0, 0, 0# 0, 0, 0, 255, 0# 199, 199, 199, 255, 199# 199, 199, 199, 255, 199# 180, 180, 180, 255, 180# 70, 70, 70, 255, 70# 199, 199, 199, 255, 199# 199, 199, 199, 255, 199# 199, 199, 199, 255, 199# 199, 199, 199, 255, 199# 0, 0, 0, 0, 0# 0, 0, 0, 255, 0# 0, 0, 0, 0, 0# 0, 0, 0, 0, 0# 0, 0, 0, 0, 0# 0, 0, 0, 0, 0# 0, 0, 0, 0, 0# 0, 0, 0, 0, 0 
0, 0, 0, 0, 0# 0, 0, 0, 255, 0# 180, 180, 180, 255, 180# 70, 70, 70, 255, 70# 0, 0, 0, 255, 0# 0, 0, 0, 0, 0# 0, 0, 0, 0, 0# 0, 0, 0, 0, 0# 0, 0, 0, 255, 0# 180, 180, 180, 255, 180# 180, 180, 180, 255, 180# 180, 180, 180, 255, 180# 0, 0, 0, 255, 0# 180, 180, 180, 255, 180# 180, 180, 180, 255, 180# 180, 180, 180, 255, 180# 180, 180, 180, 255, 180# 180, 180, 180, 255, 180# 0, 0, 0, 255, 0# 0, 0, 0, 0, 0# 0, 0, 0, 0, 0# 0, 0, 0, 0, 0# 0, 0, 0, 0, 0# 0, 0, 0, 0, 0# 0, 0, 0, 0, 0 
0, 0, 0, 0, 0# 0, 0, 0, 255, 0# 180, 180, 180, 255, 180# 70, 70, 70, 255, 70# 0, 0, 0, 255, 0# 0, 0, 0, 0, 0# 0, 0, 0, 0, 0# 0, 0, 0, 0, 0# 0, 0, 0, 0, 0# 0, 0, 0, 255, 0# 180, 180, 180, 255, 180# 0, 0, 0, 255, 0# 180, 180, 180, 255, 180# 0, 0, 0, 255, 0# 180, 180, 180, 255, 180# 0, 0, 0, 255, 0# 0, 0, 0, 255, 0# 180, 180, 180, 255, 180# 0, 0, 0, 255, 0# 0, 0, 0, 255, 0# 0, 0, 0, 0, 0# 0, 0, 0, 0, 0# 0, 0, 0, 0, 0# 0, 0, 0, 0, 0# 0, 0, 0, 0, 0 
0, 0, 0, 0, 0# 0, 0, 0, 255, 0# 0, 0, 0, 255, 0# 0, 0, 0, 255, 0# 0, 0, 0, 255, 0# 0, 0, 0, 0, 0# 0, 0, 0, 0, 0# 0, 0, 0, 0, 0# 0, 0, 0, 0, 0# 0, 0, 0, 255, 0# 0, 0, 0, 255, 0# 0, 0, 0, 255, 0# 180, 180, 180, 255, 180# 70, 70, 70, 255, 70# 0, 0, 0, 255, 0# 0, 0, 0, 255, 0# 0, 0, 0, 255, 0# 0, 0, 0, 255, 0# 180, 180, 180, 255, 180# 180, 180, 180, 255, 180# 0, 0, 0, 255, 0# 0, 0, 0, 0, 0# 0, 0, 0, 0, 0# 0, 0, 0, 0, 0# 0, 0, 0, 0, 0 
0, 0, 0, 0, 0# 0, 0, 0, 0, 0# 0, 0, 0, 0, 0# 0, 0, 0, 0, 0# 0, 0, 0, 0, 0# 0, 0, 0, 0, 0# 0, 0, 0, 0, 0# 0, 0, 0, 0, 0# 0, 0, 0, 0, 0# 0, 0, 0, 255, 0# 0, 0, 0, 255, 0# 0, 0, 0, 255, 0# 180, 180, 180, 255, 180# 0, 0, 0, 255, 0# 180, 180, 180, 255, 180# 0, 0, 0, 255, 0# 0, 0, 0, 255, 0# 180, 180, 180, 255, 180# 0, 0, 0, 255, 0# 199, 199, 199, 255, 199# 180, 180, 180, 255, 180# 0, 0, 0, 255, 0# 0, 0, 0, 0, 0# 0, 0, 0, 0, 0# 0, 0, 0, 0, 0 
0, 0, 0, 0, 0# 0, 0, 0, 0, 0# 0, 0, 0, 0, 0# 0, 0, 0, 0, 0# 0, 0, 0, 0, 0# 0, 0, 0, 0, 0# 0, 0, 0, 0, 0# 0, 0, 0, 0, 0# 0, 0, 0, 0, 0# 0, 0, 0, 255, 0# 0, 0, 0, 255, 0# 199, 199, 199, 255, 199# 180, 180, 180, 255, 180# 199, 199, 199, 255, 199# 180, 180, 180, 255, 180# 180, 180, 180, 255, 180# 180, 180, 180, 255, 180# 180, 180, 180, 255, 180# 0, 0, 0, 255, 0# 199, 199, 199, 255, 199# 180, 180, 180, 255, 180# 0, 0, 0, 255, 0# 0, 0, 0, 0, 0# 0, 0, 0, 0, 0# 0, 0, 0, 0, 0 
0, 0, 0, 0, 0# 0, 0, 0, 0, 0# 0, 0, 0, 0, 0# 0, 0, 0, 0, 0# 0, 0, 0, 0, 0# 0, 0, 0, 0, 0# 0, 0, 0, 0, 0# 0, 0, 0, 0, 0# 0, 0, 0, 255, 0# 199, 199, 199, 255, 199# 199, 199, 199, 255, 199# 199, 199, 199, 255, 199# 180, 180, 180, 255, 180# 199, 199, 199, 255, 199# 199, 199, 199, 255, 199# 199, 199, 199, 255, 199# 199, 199, 199, 255, 199# 199, 199, 199, 255, 199# 199, 199, 199, 255, 199# 199, 199, 199, 255, 199# 180, 180, 180, 255, 180# 0, 0, 0, 255, 0# 0, 0, 0, 0, 0# 0, 0, 0, 0, 0# 0, 0, 0, 0, 0 
0, 0, 0, 0, 0# 0, 0, 0, 0, 0# 0, 0, 0, 0, 0# 0, 0, 0, 0, 0# 0, 0, 0, 0, 0# 0, 0, 0, 0, 0# 0, 0, 0, 0, 0# 0, 0, 0, 255, 0# 199, 199, 199, 255, 199# 199, 199, 199, 255, 199# 199, 199, 199, 255, 199# 180, 180, 180, 255, 180# 180, 180, 180, 255, 180# 0, 0, 0, 255, 0# 199, 199, 199, 255, 199# 199, 199, 199, 255, 199# 199, 199, 199, 255, 199# 199, 199, 199, 255, 199# 199, 199, 199, 255, 199# 180, 180, 180, 255, 180# 0, 0, 0, 255, 0# 0, 0, 0, 0, 0# 0, 0, 0, 0, 0# 0, 0, 0, 0, 0# 0, 0, 0, 0, 0 
0, 0, 0, 0, 0# 0, 0, 0, 0, 0# 0, 0, 0, 0, 0# 0, 0, 0, 0, 0# 0, 0, 0, 0, 0# 0, 0, 0, 0, 0# 0, 0, 0, 0, 0# 0, 0, 0, 255, 0# 0, 0, 0, 255, 0# 0, 0, 0, 255, 0# 180, 180, 180, 255, 180# 180, 180, 180, 255, 180# 180, 180, 180, 255, 180# 199, 199, 199, 255, 199# 0, 0, 0, 255, 0# 0, 0, 0, 255, 0# 0, 0, 0, 255, 0# 199, 199, 199, 255, 199# 199, 199, 199, 255, 199# 180, 180, 180, 255, 180# 0, 0, 0, 255, 0# 0, 0, 0, 0, 0# 0, 0, 0, 0, 0# 0, 0, 0, 0, 0# 0, 0, 0, 0, 0 
0, 0, 0, 0, 0# 0, 0, 0, 0, 0# 0, 0, 0, 0, 0# 0, 0, 0, 0, 0# 0, 0, 0, 0, 0# 0, 0, 0, 0, 0# 0, 0, 0, 255, 0# 199, 199, 199, 255, 199# 199, 199, 199, 255, 199# 180, 180, 180, 255, 180# 180, 180, 180, 255, 180# 180, 180, 180, 255, 180# 0, 0, 0, 255, 0# 199, 199, 199, 255, 199# 199, 199, 199, 255, 199# 199, 199, 199, 255, 199# 199, 199, 199, 255, 199# 199, 199, 199, 255, 199# 199, 199, 199, 255, 199# 0, 0, 0, 255, 0# 0, 0, 0, 255, 0# 0, 0, 0, 0, 0# 0, 0, 0, 0, 0# 0, 0, 0, 0, 0# 0, 0, 0, 0, 0 
0, 0, 0, 0, 0# 0, 0, 0, 0, 0# 0, 0, 0, 0, 0# 0, 0, 0, 0, 0# 0, 0, 0, 0, 0# 0, 0, 0, 0, 0# 0, 0, 0, 255, 0# 0, 0, 0, 255, 0# 0, 0, 0, 255, 0# 0, 0, 0, 255, 0# 0, 0, 0, 255, 0# 0, 0, 0, 255, 0# 0, 0, 0, 255, 0# 0, 0, 0, 255, 0# 0, 0, 0, 255, 0# 0, 0, 0, 255, 0# 0, 0, 0, 255, 0# 0, 0, 0, 255, 0# 0, 0, 0, 255, 0# 0, 0, 0, 255, 0# 0, 0, 0, 255, 0# 0, 0, 0, 0, 0# 0, 0, 0, 0, 0# 0, 0, 0, 0, 0# 0, 0, 0, 0, 0 
