0, 0, 0, 0, 0# 0, 0, 0, 0, 0# 0, 0, 0, 0, 0# 0, 0, 0, 0, 0# 0, 0, 0, 0, 0# 0, 0, 0, 0, 0# 0, 0, 0, 0, 0# 0, 0, 0, 0, 0# 0, 0, 0, 0, 0# 0, 0, 0, 0, 0# 0, 0, 0, 0, 0# 0, 0, 0, 0, 0# 0, 0, 0, 0, 0# 0, 0, 0, 0, 0# 0, 0, 0, 0, 0# 0, 0, 0, 0, 0# 0, 0, 0, 0, 0# 0, 0, 0, 0, 0# 0, 0, 0, 0, 0# 0, 0, 0, 0, 0# 0, 0, 0, 0, 0# 0, 0, 0, 0, 0# 0, 0, 0, 0, 0# 0, 0, 0, 0, 0# 0, 0, 0, 0, 0 
0, 0, 0, 0, 0# 0, 0, 0, 0, 0# 0, 0, 0, 0, 0# 0, 0, 0, 0, 0# 0, 0, 0, 0, 0# 0, 0, 0, 0, 0# 0, 0, 0, 0, 0# 0, 0, 0, 0, 0# 0, 0, 0, 0, 0# 0, 0, 0, 0, 0# 0, 0, 0, 255, 0# 0, 0, 0, 255, 0# 0, 0, 0, 255, 0# 0, 0, 0, 255, 0# 0, 0, 0, 255, 0# 0, 0, 0, 255, 0# 0, 0, 0, 255, 0# 0, 0, 0, 255, 0# 0, 0, 0, 255, 0# 0, 0, 0, 255, 0# 0, 0, 0, 255, 0# 0, 0, 0, 0, 0# 0, 0, 0, 0, 0# 0, 0, 0, 0, 0# 0, 0, 0, 0, 0 
0, 0, 0, 0, 0# 0, 0, 0, 0, 0# 0, 0, 0, 0, 0# 0, 0, 0, 0, 0# 0, 0, 0, 0, 0# 0, 0, 0, 0, 0# 0, 0, 0, 0, 0# 0, 0, 0, 0, 0# 0, 0, 0, 255, 0# 0, 0, 0, 255, 0# 112, 154, 209, 255, 158# 112, 154, 209, 255, 158# 112, 154, 209, 255, 158# 112, 154, 209, 255, 158# 112, 154, 209, 255, 158# 112, 154, 209, 255, 158# 112, 154, 209, 255, 158# 112, 154, 209, 255, 158# 112, 154, 209, 255, 158# 112, 154, 209, 255, 158# 0, 0, 0, 255, 0# 0, 0, 0, 0, 0# 0, 0, 0, 0, 0# 0, 0, 0, 0, 0# 0, 0, 0, 0, 0 
0, 0, 0, 0, 0# 0, 0, 0, 0, 0# 0, 0, 0, 0, 0# 0, 0, 0, 0, 0# 0, 0, 0, 0, 0# 0, 0, 0, 0, 0# 0, 0, 0, 0, 0# 0, 0, 0, 0, 0# 0, 0, 0, 255, 0# 112, 154, 209, 255, 158# 112, 154, 209, 255, 158# 112, 154, 209, 255, 158# 112, 154, 209, 255, 158# 112, 154, 209, 255, 158# 112, 154, 209, 255, 158# 112, 154, 209, 255, 158# 112, 154, 209, 255, 158# 112, 154, 209, 255, 158# 112, 154, 209, 255, 158# 112, 154, 209, 255, 158# 112, 154, 209, 255, 158# 0, 0, 0, 255, 0# 0, 0, 0, 0, 0# 0, 0, 0, 0, 0# 0, 0, 0, 0, 0 
0, 0, 0, 0, 0# 0, 0, 0, 0, 0# 0, 0, 0, 0, 0# 0, 0, 0, 0, 0# 0, 0, 0, 0, 0# 0, 0, 0, 0, 0# 0, 0, 0, 0, 0# 0, 0, 0, 0, 0# 0, 0, 0, 255, 0# 112, 154, 209, 255, 158# 0, 0, 0, 255, 0# 0, 0, 0, 255, 0# 0, 0, 0, 255, 0# 112, 154, 209, 255, 158# 0, 0, 0, 255, 0# 112, 154, 209, 255, 158# 0, 0, 0, 255, 0# 0, 0, 0, 255, 0# 112, 154, 209, 255, 158# 112, 154, 209, 255, 158# 112, 154, 209, 255, 158# 0, 0, 0, 255, 0# 0, 0, 0, 0, 0# 0, 0, 0, 0, 0# 0, 0, 0, 0, 0 
0, 0, 0, 0, 0# 0, 0, 0, 0, 0# 0, 0, 0, 255, 0# 0, 0, 0, 255, 0# 0, 0, 0, 0, 0# 0, 0, 0, 0, 0# 0, 0, 0, 0, 0# 0, 0, 0, 0, 0# 0, 0, 0, 255, 0# 0, 0, 0, 255, 0# 117, 71, 52, 255, 80# 156, 90, 60, 255, 102# 156, 90, 60, 255, 102# 117, 71, 52, 255, 80# 156, 90, 60, 255, 102# 156, 90, 60, 255, 102# 117, 71, 52, 255, 80# 156, 90, 60, 255, 102# 0, 0, 0, 255, 0# 112, 154, 209, 255, 158# 112, 154, 209, 255, 158# 0, 0, 0, 255, 0# 0, 0, 0, 0, 0# 0, 0, 0, 0, 0# 0, 0, 0, 0, 0 
0, 0, 0, 0, 0# 0, 0, 0, 255, 0# 229, 170, 122, 255, 173# 245, 228, 156, 255, 209# 0, 0, 0, 255, 0# 0, 0, 0, 0, 0# 0, 0, 0, 0, 0# 0, 0, 0, 0, 0# 0, 0, 0, 255, 0# 117, 71, 52, 255, 80# 156, 90, 60, 255, 102# 156, 90, 60, 255, 102# 117, 71, 52, 255, 80# 156, 90, 60, 255, 102# 156, 90, 60, 255, 102# 156, 90, 60, 255, 102# 156, 90, 60, 255, 102# 156, 90, 60, 255, 102# 117, 71, 52, 255, 80# 0, 0, 0, 255, 0# 112, 154, 209, 255, 158# 0, 0, 0, 255, 0# 0, 0, 0, 0, 0# 0, 0, 0, 0, 0# 0, 0, 0, 0, 0 
0, 0, 0, 255, 0# 229, 170, 122, 255, 173# 245, 228, 156, 255, 209# 245, 228, 156, 255, 209# 0, 0, 0, 255, 0# 0, 0, 0, 0, 0# 0, 0, 0, 0, 0# 0, 0, 0, 0, 0# 0, 0, 0, 255, 0# 0, 0, 0, 255, 0# 156, 90, 60, 255, 102# 156, 90, 60, 255, 102# 156, 90, 60, 255, 102# 156, 90, 60, 255, 102# 156, 90, 60, 255, 102# 0, 0, 0, 255, 0# 0, 0, 0, 255, 0# 0, 0, 0, 255, 0# 156, 90, 60, 255, 102# 117, 71, 52, 255, 80# 112, 154, 209, 255, 158# 0, 0, 0, 255, 0# 0, 0, 0, 0, 0# 0, 0, 0, 0, 0# 0, 0, 0, 0, 0 
0, 0, 0, 255, 0# 245, 228, 156, 255, 209# 245, 228, 156, 255, 209# 0, 0, 0, 255, 0# 84, 109, 142, 255, 111# 0, 0, 0, 255, 0# 0, 0, 0, 0, 0# 0, 0, 0, 0, 0# 0, 0, 0, 255, 0# 117, 71, 52, 255, 80# 0, 0, 0, 255, 0# 156, 90, 60, 255, 102# 0, 0, 0, 255, 0# 156, 90, 60, 255, 102# 245, 228, 156, 255, 209# 0, 0, 0, 255, 0# 0, 0, 0, 255, 0# 245, 228, 156, 255, 209# 0, 0, 0, 255, 0# 0, 0, 0, 255, 0# 112, 154, 209, 255, 158# 0, 0, 0, 255, 0# 0, 0, 0, 0, 0# 0, 0, 0, 0, 0# 0, 0, 0, 0, 0 
0, 0, 0, 0, 0# 0, 0, 0, 255, 0# 0, 0, 0, 255, 0# 112, 154, 209, 255, 158# 112, 154, 209, 255, 158# 84, 109, 142, 255, 111# 0, 0, 0, 255, 0# 0, 0, 0, 0, 0# 0, 0, 0, 255, 0# 156, 90, 60, 255, 102# 0, 0, 0, 255, 0# 0, 0, 0, 255, 0# 0, 0, 0, 255, 0# 156, 90, 60, 255, 102# 245, 228, 156, 255, 209# 245, 228, 156, 255, 209# 245, 228, 156, 255, 209# 0, 0, 0, 255, 0# 0, 0, 0, 255, 0# 0, 0, 0, 255, 0# 0, 0, 0, 255, 0# 0, 0, 0, 255, 0# 0, 0, 0, 0, 0# 0, 0, 0, 0, 0# 0, 0, 0, 0, 0 
0, 0, 0, 0, 0# 0, 0, 0, 255, 0# 84, 109, 142, 255, 111# 112, 154, 209, 255, 158# 112, 154, 209, 255, 158# 84, 109, 142, 255, 111# 84, 109, 142, 255, 111# 0, 0, 0, 255, 0# 0, 0, 0, 255, 0# 156, 90, 60, 255, 102# 0, 0, 0, 255, 0# 156, 90, 60, 255, 102# 229, 170, 122, 255, 173# 245, 228, 156, 255, 209# 245, 228, 156, 255, 209# 156, 90, 60, 255, 102# 229, 170, 122, 255, 173# 245, 228, 156, 255, 209# 245, 228, 156, 255, 209# 212, 196, 131, 255, 179# 0, 0, 0, 255, 0# 117, 71, 52, 255, 80# 0, 0, 0, 255, 0# 0, 0, 0, 0, 0# 0, 0, 0, 0, 0 
0, 0, 0, 0, 0# 0, 0, 0, 0, 0# 0, 0, 0, 255, 0# 84, 109, 142, 255, 111# 112, 154, 209, 255, 158# 112, 154, 209, 255, 158# 84, 109, 142, 255, 111# 84, 109, 142, 255, 111# 0, 0, 0, 255, 0# 0, 0, 0, 255, 0# 0, 0, 0, 255, 0# 156, 90, 60, 255, 102# 156, 90, 60, 255, 102# 245, 228, 156, 255, 209# 245, 228, 156, 255, 209# 156, 90, 60, 255, 102# 156, 90, 60, 255, 102# 245, 228, 156, 255, 209# 245, 228, 156, 255, 209# 212, 196, 131, 255, 179# 0, 0, 0, 255, 0# 156, 90, 60, 255, 102# 0, 0, 0, 255, 0# 0, 0, 0, 0, 0# 0, 0, 0, 0, 0 
0, 0, 0, 0, 0# 0, 0, 0, 0, 0# 0, 0, 0, 0, 0# 0, 0, 0, 255, 0# 84, 109, 142, 255, 111# 112, 154, 209, 255, 158# 112, 154, 209, 255, 158# 84, 109, 142, 255, 111# 0, 0, 0, 255, 0# 0, 0, 0, 0, 0# 0, 0, 0, 255, 0# 245, 228, 156, 255, 209# 245, 228, 156, 255, 209# 245, 228, 156, 255, 209# 245, 228, 156, 255, 209# 245, 228, 156, 255, 209# 245, 228, 156, 255, 209# 0, 0, 0, 255, 0# 245, 228, 156, 255, 209# 0, 0, 0, 255, 0# 0, 0, 0, 255, 0# 156, 90, 60, 255, 102# 0, 0, 0, 255, 0# 0, 0, 0, 0, 0# 0, 0, 0, 0, 0 
0, 0, 0, 0, 0# 0, 0, 0, 0, 0# 0, 0, 0, 0, 0# 0, 0, 0, 0, 0# 0, 0, 0, 255, 0# 84, 109, 142, 255, 111# 112, 154, 209, 255, 158# 112, 154, 209, 255, 158# 84, 109, 142, 255, 111# 0, 0, 0, 255, 0# 0, 0, 0, 255, 0# 245, 228, 156, 255, 209# 0, 0, 0, 255, 0# 0, 0, 0, 255, 0# 0, 0, 0, 255, 0# 0, 0, 0, 255, 0# 245, 228, 156, 255, 209# 0, 0, 0, 255, 0# 245, 228, 156, 255, 209# 0, 0, 0, 255, 0# 156, 90, 60, 255, 102# 0, 0, 0, 255, 0# 0, 0, 0, 0, 0# 0, 0, 0, 0, 0# 0, 0, 0, 0, 0 
0, 0, 0, 0, 0# 0, 0, 0, 0, 0# 0, 0, 0, 0, 0# 0, 0, 0, 0, 0# 0, 0, 0, 0, 0# 0, 0, 0, 255, 0# 84, 109, 142, 255, 111# 112, 154, 209, 255, 158# 112, 154, 209, 255, 158# 84, 109, 142, 255, 111# 0, 0, 0, 255, 0# 0, 0, 0, 255, 0# 245, 228, 156, 255, 209# 255, 163, 177, 255, 198# 255, 163, 177, 255, 198# 255, 163, 177, 255, 198# 0, 0, 0, 255, 0# 245, 228, 156, 255, 209# 245, 228, 156, 255, 209# 0, 0, 0, 255, 0# 0, 0, 0, 0, 0# 0, 0, 0, 0, 0# 0, 0, 0, 0, 0# 0, 0, 0, 0, 0# 0, 0, 0, 0, 0 
0, 0, 0, 0, 0# 0, 0, 0, 0, 0# 0, 0, 0, 0, 0# 0, 0, 0, 0, 0# 0, 0, 0, 0, 0# 0, 0, 0, 0, 0# 0, 0, 0, 255, 0# 112, 154, 209, 255, 158# 112, 154, 209, 255, 158# 112, 154, 209, 255, 158# 84, 109, 142, 255, 111# 0, 0, 0, 255, 0# 0, 0, 0, 255, 0# 245, 228, 156, 255, 209# 0, 0, 0, 255, 0# 0, 0, 0, 255, 0# 245, 228, 156, 255, 209# 245, 228, 156, 255, 209# 0, 0, 0, 255, 0# 0, 0, 0, 0, 0# 0, 0, 0, 0, 0# 0, 0, 0, 0, 0# 0, 0, 0, 0, 0# 0, 0, 0, 0, 0# 0, 0, 0, 0, 0 
0, 0, 0, 0, 0# 0, 0, 0, 0, 0# 0, 0, 0, 0, 0# 0, 0, 0, 0, 0# 0, 0, 0, 0, 0# 0, 0, 0, 0, 0# 0, 0, 0, 255, 0# 84, 109, 142, 255, 111# 112, 154, 209, 255, 158# 112, 154, 209, 255, 158# 84, 109, 142, 255, 111# 255, 249, 189, 255, 231# 0, 0, 0, 255, 0# 245, 228, 156, 255, 209# 245, 228, 156, 255, 209# 245, 228, 156, 255, 209# 245, 228, 156, 255, 209# 0, 0, 0, 255, 0# 255, 249, 189, 255, 231# 0, 0, 0, 255, 0# 0, 0, 0, 0, 0# 0, 0, 0, 0, 0# 0, 0, 0, 0, 0# 0, 0, 0, 0, 0# 0, 0, 0, 0, 0 
0, 0, 0, 0, 0# 0, 0, 0, 0, 0# 0, 0, 0, 0, 0# 0, 0, 0, 0, 0# 0, 0, 0, 0, 0# 0, 0, 0, 0, 0# 0, 0, 0, 0, 0# 0, 0, 0, 255, 0# 112, 154, 209, 255, 158# 112, 154, 209, 255, 158# 84, 109, 142, 255, 111# 255, 249, 189, 255, 231# 255, 249, 189, 255, 231# 0, 0, 0, 255, 0# 0, 0, 0, 255, 0# 0, 0, 0, 255, 0# 0, 0, 0, 255, 0# 255, 249, 189, 255, 231# 84, 109, 142, 255, 111# 112, 154, 209, 255, 158# 0, 0, 0, 255, 0# 0, 0, 0, 0, 0# 0, 0, 0, 0, 0# 0, 0, 0, 0, 0# 0, 0, 0, 0, 0 
0, 0, 0, 0, 0# 0, 0, 0, 0, 0# 0, 0, 0, 0, 0# 0, 0, 0, 0, 0# 0, 0, 0, 0, 0# 0, 0, 0, 0, 0# 0, 0, 0, 0, 0# 0, 0, 0, 255, 0# 84, 109, 142, 255, 111# 112, 154, 209, 255, 158# 112, 154, 209, 255, 158# 84, 109, 142, 255, 111# 255, 249, 189, 255, 231# 255, 249, 189, 255, 231# 229, 170, 122, 255, 173# 255, 249, 189, 255, 231# 255, 249, 189, 255, 231# 84, 109, 142, 255, 111# 112, 154, 209, 255, 158# 112, 154, 209, 255, 158# 112, 154, 209, 255, 158# 0, 0, 0, 255, 0# 0, 0, 0, 0, 0# 0, 0, 0, 0, 0# 0, 0, 0, 0, 0 
0, 0, 0, 0, 0# 0, 0, 0, 0, 0# 0, 0, 0, 0, 0# 0, 0, 0, 0, 0# 0, 0, 0, 0, 0# 0, 0, 0, 0, 0# 0, 0, 0, 0, 0# 0, 0, 0, 0, 0# 0, 0, 0, 255, 0# 84, 109, 142, 255, 111# 112, 154, 209, 255, 158# 112, 154, 209, 255, 158# 84, 109, 142, 255, 111# 255, 249, 189, 255, 231# 255, 249, 189, 255, 231# 255, 249, 189, 255, 231# 84, 109, 142, 255, 111# 112, 154, 209, 255, 158# 112, 154, 209, 255, 158# 112, 154, 209, 255, 158# 84, 109, 142, 255, 111# 0, 0, 0, 255, 0# 0, 0, 0, 0, 0# 0, 0, 0, 0, 0# 0, 0, 0, 0, 0 
0, 0, 0, 0, 0# 0, 0, 0, 0, 0# 0, 0, 0, 0, 0# 0, 0, 0, 0, 0# 0, 0, 0, 0, 0# 0, 0, 0, 0, 0# 0, 0, 0, 0, 0# 0, 0, 0, 0, 0# 0, 0, 0, 0, 0# 0, 0, 0, 255, 0# 112, 154, 209, 255, 158# 112, 154, 209, 255, 158# 112, 154, 209, 255, 158# 84, 109, 142, 255, 111# 255, 249, 189, 255, 231# 84, 109, 142, 255, 111# 112, 154, 209, 255, 158# 112, 154, 209, 255, 158# 112, 154, 209, 255, 158# 112, 154, 209, 255, 158# 84, 109, 142, 255, 111# 0, 0, 0, 255, 0# 0, 0, 0, 0, 0# 0, 0, 0, 0, 0# 0, 0, 0, 0, 0 
0, 0, 0, 0, 0# 0, 0, 0, 0, 0# 0, 0, 0, 0, 0# 0, 0, 0, 0, 0# 0, 0, 0, 0, 0# 0, 0, 0, 0, 0# 0, 0, 0, 0, 0# 0, 0, 0, 0, 0# 0, 0, 0, 0, 0# 0, 0, 0, 255, 0# 84, 109, 142, 255, 111# 112, 154, 209, 255, 158# 112, 154, 209, 255, 158# 112, 154, 209, 255, 158# 84, 109, 142, 255, 111# 112, 154, 209, 255, 158# 112, 154, 209, 255, 158# 112, 154, 209, 255, 158# 84, 109, 142, 255, 111# 84, 109, 142, 255, 111# 84, 109, 142, 255, 111# 0, 0, 0, 255, 0# 0, 0, 0, 0, 0# 0, 0, 0, 0, 0# 0, 0, 0, 0, 0 
0, 0, 0, 0, 0# 0, 0, 0, 0, 0# 0, 0, 0, 0, 0# 0, 0, 0, 0, 0# 0, 0, 0, 0, 0# 0, 0, 0, 0, 0# 0, 0, 0, 0, 0# 0, 0, 0, 0, 0# 0, 0, 0, 0, 0# 0, 0, 0, 255, 0# 84, 109, 142, 255, 111# 112, 154, 209, 255, 158# 112, 154, 209, 255, 158# 112, 154, 209, 255, 158# 112, 154, 209, 255, 158# 112, 154, 209, 255, 158# 112, 154, 209, 255, 158# 84, 109, 142, 255, 111# 0, 0, 0, 255, 0# 0, 0, 0, 255, 0# 0, 0, 0, 255, 0# 0, 0, 0, 255, 0# 0, 0, 0, 255, 0# 0, 0, 0, 255, 0# 0, 0, 0, 0, 0 
0, 0, 0, 0, 0# 0, 0, 0, 0, 0# 0, 0, 0, 0, 0# 0, 0, 0, 0, 0# 0, 0, 0, 0, 0# 0, 0, 0, 0, 0# 0, 0, 0, 0, 0# 0, 0, 0, 0, 0# 0, 0, 0, 0, 0# 0, 0, 0, 255, 0# 84, 109, 142, 255, 111# 112, 154, 209, 255, 158# 112, 154, 209, 255, 158# 112, 154, 209, 255, 158# 112, 154, 209, 255, 158# 112, 154, 209, 255, 158# 112, 154, 209, 255, 158# 84, 109, 142, 255, 111# 0, 0, 0, 255, 0# 245, 228, 156, 255, 209# 245, 228, 156, 255, 209# 245, 228, 156, 255, 209# 245, 228, 156, 255, 209# 0, 0, 0, 255, 0# 0, 0, 0, 0, 0 
0, 0, 0, 0, 0# 0, 0, 0, 0, 0# 0, 0, 0, 0, 0# 0, 0, 0, 0, 0# 0, 0, 0, 0, 0# 0, 0, 0, 0, 0# 0, 0, 0, 0, 0# 0, 0, 0, 0, 0# 0, 0, 0, 0, 0# 0, 0, 0, 255, 0# 112, 154, 209, 255, 158# 112, 154, 209, 255, 158# 112, 154, 209, 255, 158# 112, 154, 209, 255, 158# 112, 154, 209, 255, 158# 112, 154, 209, 255, 158# 112, 154, 209, 255, 158# 84, 109, 142, 255, 111# 0, 0, 0, 255, 0# 245, 228, 156, 255, 209# 229, 170, 122, 255, 173# 245, 228, 156, 255, 209# 229, 170, 122, 255, 173# 0, 0, 0, 255, 0# 0, 0, 0, 0, 0 
0, 0, 0, 0, 0# 0, 0, 0, 0, 0# 0, 0, 0, 0, 0# 0, 0, 0, 0, 0# 0, 0, 0, 0, 0# 0, 0, 0, 0, 0# 0, 0, 0, 0, 0# 0, 0, 0, 255, 0# 0, 0, 0, 255, 0# 112, 154, 209, 255, 158# 112, 154, 209, 255, 158# 112, 154, 209, 255, 158# 112, 154, 209, 255, 158# 112, 154, 209, 255, 158# 112, 154, 209, 255, 158# 112, 154, 209, 255, 158# 112, 154, 209, 255, 158# 84, 109, 142, 255, 111# 0, 0, 0, 255, 0# 0, 0, 0, 255, 0# 0, 0, 0, 255, 0# 0, 0, 0, 255, 0# 0, 0, 0, 255, 0# 0, 0, 0, 255, 0# 0, 0, 0, 0, 0 
0, 0, 0, 0, 0# 0, 0, 0, 0, 0# 0, 0, 0, 0, 0# 0, 0, 0, 0, 0# 0, 0, 0, 0, 0# 0, 0, 0, 0, 0# 0, 0, 0, 0, 0# 0, 0, 0, 255, 0# 84, 109, 142, 255, 111# 112, 154, 209, 255, 158# 112, 154, 209, 255, 158# 112, 154, 209, 255, 158# 84, 109, 142, 255, 111# 0, 0, 0, 255, 0# 112, 154, 209, 255, 158# 112, 154, 209, 255, 158# 112, 154, 209, 255, 158# 84, 109, 142, 255, 111# 0, 0, 0, 255, 0# 0, 0, 0, 0, 0# 0, 0, 0, 0, 0# 0, 0, 0, 0, 0# 0, 0, 0, 0, 0# 0, 0, 0, 0, 0# 0, 0, 0, 0, 0 
0, 0, 0, 0, 0# 0, 0, 0, 0, 0# 0, 0, 0, 0, 0# 0, 0, 0, 0, 0# 0, 0, 0, 0, 0# 0, 0, 0, 0, 0# 0, 0, 0, 255, 0# 84, 109, 142, 255, 111# 112, 154, 209, 255, 158# 112, 154, 209, 255, 158# 112, 154, 209, 255, 158# 84, 109, 142, 255, 111# 0, 0, 0, 255, 0# 0, 0, 0, 255, 0# 0, 0, 0, 255, 0# 112, 154, 209, 255, 158# 112, 154, 209, 255, 158# 84, 109, 142, 255, 111# 0, 0, 0, 255, 0# 0, 0, 0, 0, 0# 0, 0, 0, 0, 0# 0, 0, 0, 0, 0# 0, 0, 0, 0, 0# 0, 0, 0, 0, 0# 0, 0, 0, 0, 0 
0, 0, 0, 0, 0# 0, 0, 0, 0, 0# 0, 0, 0, 0, 0# 0, 0, 0, 0, 0# 0, 0, 0, 0, 0# 0, 0, 0, 0, 0# 0, 0, 0, 255, 0# 84, 109, 142, 255, 111# 112, 154, 209, 255, 158# 112, 154, 209, 255, 158# 84, 109, 142, 255, 111# 0, 0, 0, 255, 0# 0, 0, 0, 255, 0# 0, 0, 0, 0, 0# 0, 0, 0, 255, 0# 0, 0, 0, 255, 0# 112, 154, 209, 255, 158# 112, 154, 209, 255, 158# 0, 0, 0, 255, 0# 0, 0, 0, 255, 0# 0, 0, 0, 0, 0# 0, 0, 0, 0, 0# 0, 0, 0, 0, 0# 0, 0, 0, 0, 0# 0, 0, 0, 0, 0 
0, 0, 0, 0, 0# 0, 0, 0, 0, 0# 0, 0, 0, 0, 0# 0, 0, 0, 0, 0# 0, 0, 0, 0, 0# 0, 0, 0, 0, 0# 0, 0, 0, 255, 0# 112, 154, 209, 255, 158# 112, 154, 209, 255, 158# 112, 154, 209, 255, 158# 84, 109, 142, 255, 111# 0, 0, 0, 255, 0# 0, 0, 0, 0, 0# 0, 0, 0, 0, 0# 0, 0, 0, 0, 0# 0, 0, 0, 255, 0# 112, 154, 209, 255, 158# 112, 154, 209, 255, 158# 84, 109, 142, 255, 111# 0, 0, 0, 255, 0# 0, 0, 0, 0, 0# 0, 0, 0, 0, 0# 0, 0, 0, 0, 0# 0, 0, 0, 0, 0# 0, 0, 0, 0, 0 
0, 0, 0, 0, 0# 0, 0, 0, 0, 0# 0, 0, 0, 0, 0# 0, 0, 0, 0, 0# 0, 0, 0, 0, 0# 0, 0, 0, 255, 0# 0, 0, 0, 255, 0# 112, 154, 209, 255, 158# 112, 154, 209, 255, 158# 112, 154, 209, 255, 158# 84, 109, 142, 255, 111# 0, 0, 0, 255, 0# 0, 0, 0, 0, 0# 0, 0, 0, 0, 0# 0, 0, 0, 0, 0# 0, 0, 0, 255, 0# 112, 154, 209, 255, 158# 112, 154, 209, 255, 158# 84, 109, 142, 255, 111# 0, 0, 0, 255, 0# 0, 0, 0, 0, 0# 0, 0, 0, 0, 0# 0, 0, 0, 0, 0# 0, 0, 0, 0, 0# 0, 0, 0, 0, 0 
0, 0, 0, 0, 0# 0, 0, 0, 0, 0# 0, 0, 0, 0, 0# 0, 0, 0, 0, 0# 0, 0, 0, 0, 0# 0, 0, 0, 255, 0# 84, 109, 142, 255, 111# 112, 154, 209, 255, 158# 112, 154, 209, 255, 158# 112, 154, 209, 255, 158# 84, 109, 142, 255, 111# 0, 0, 0, 255, 0# 0, 0, 0, 0, 0# 0, 0, 0, 0, 0# 0, 0, 0, 0, 0# 0, 0, 0, 255, 0# 112, 154, 209, 255, 158# 112, 154, 209, 255, 158# 112, 154, 209, 255, 158# 84, 109, 142, 255, 111# 0, 0, 0, 255, 0# 0, 0, 0, 0, 0# 0, 0, 0, 0, 0# 0, 0, 0, 0, 0# 0, 0, 0, 0, 0 
0, 0, 0, 0, 0# 0, 0, 0, 0, 0# 0, 0, 0, 0, 0# 0, 0, 0, 0, 0# 0, 0, 0, 0, 0# 0, 0, 0, 255, 0# 84, 109, 142, 255, 111# 112, 154, 209, 255, 158# 112, 154, 209, 255, 158# 112, 154, 209, 255, 158# 84, 109, 142, 255, 111# 0, 0, 0, 255, 0# 0, 0, 0, 0, 0# 0, 0, 0, 0, 0# 0, 0, 0, 0, 0# 0, 0, 0, 255, 0# 0, 0, 0, 255, 0# 112, 154, 209, 255, 158# 112, 154, 209, 255, 158# 84, 109, 142, 255, 111# 0, 0, 0, 255, 0# 0, 0, 0, 0, 0# 0, 0, 0, 0, 0# 0, 0, 0, 0, 0# 0, 0, 0, 0, 0 
0, 0, 0, 0, 0# 0, 0, 0, 0, 0# 0, 0, 0, 0, 0# 0, 0, 0, 0, 0# 0, 0, 0, 0, 0# 0, 0, 0, 255, 0# 84, 109, 142, 255, 111# 112, 154, 209, 255, 158# 112, 154, 209, 255, 158# 112, 154, 209, 255, 158# 84, 109, 142, 255, 111# 0, 0, 0, 255, 0# 0, 0, 0, 0, 0# 0, 0, 0, 0, 0# 0, 0, 0, 0, 0# 0, 0, 0, 0, 0# 0, 0, 0, 255, 0# 112, 154, 209, 255, 158# 112, 154, 209, 255, 158# 112, 154, 209, 255, 158# 84, 109, 142, 255, 111# 0, 0, 0, 255, 0# 0, 0, 0, 0, 0# 0, 0, 0, 0, 0# 0, 0, 0, 0, 0 
0, 0, 0, 0, 0# 0, 0, 0, 0, 0# 0, 0, 0, 0, 0# 0, 0, 0, 0, 0# 0, 0, 0, 0, 0# 0, 0, 0, 255, 0# 84, 109, 142, 255, 111# 112, 154, 209, 255, 158# 112, 154, 209, 255, 158# 84, 109, 142, 255, 111# 84, 109, 142, 255, 111# 0, 0, 0, 255, 0# 0, 0, 0, 0, 0# 0, 0, 0, 0, 0# 0, 0, 0, 0, 0# 0, 0, 0, 0, 0# 0, 0, 0, 255, 0# 112, 154, 209, 255, 158# 112, 154, 209, 255, 158# 112, 154, 209, 255, 158# 84, 109, 142, 255, 111# 0, 0, 0, 255, 0# 0, 0, 0, 0, 0# 0, 0, 0, 0, 0# 0, 0, 0, 0, 0 
0, 0, 0, 0, 0# 0, 0, 0, 0, 0# 0, 0, 0, 0, 0# 0, 0, 0, 0, 0# 0, 0, 0, 0, 0# 0, 0, 0, 255, 0# 0, 0, 0, 255, 0# 0, 0, 0, 255, 0# 0, 0, 0, 255, 0# 0, 0, 0, 255, 0# 0, 0, 0, 255, 0# 0, 0, 0, 0, 0# 0, 0, 0, 0, 0# 0, 0, 0, 0, 0# 0, 0, 0, 0, 0# 0, 0, 0, 0, 0# 0, 0, 0, 255, 0# 0, 0, 0, 255, 0# 0, 0, 0, 255, 0# 0, 0, 0, 255, 0# 0, 0, 0, 255, 0# 0, 0, 0, 255, 0# 0, 0, 0, 255, 0# 0, 0, 0, 0, 0# 0, 0, 0, 0, 0 
0, 0, 0, 0, 0# 0, 0, 0, 0, 0# 0, 0, 0, 0, 0# 0, 0, 0, 0, 0# 0, 0, 0, 255, 0# 0, 0, 0, 255, 0# 0, 0, 0, 255, 0# 0, 0, 0, 255, 0# 0, 0, 0, 255, 0# 0, 0, 0, 255, 0# 0, 0, 0, 255, 0# 0, 0, 0, 255, 0# 0, 0, 0, 0, 0# 0, 0, 0, 0, 0# 0, 0, 0, 0, 0# 0, 0, 0, 0, 0# 0, 0, 0, 255, 0# 0, 0, 0, 255, 0# 0, 0, 0, 255, 0# 0, 0, 0, 255, 0# 0, 0, 0, 255, 0# 0, 0, 0, 255, 0# 0, 0, 0, 255, 0# 0, 0, 0, 255, 0# 0, 0, 0, 0, 0 
0, 0, 0, 0, 0# 0, 0, 0, 0, 0# 0, 0, 0, 0, 0# 0, 0, 0, 0, 0# 0, 0, 0, 255, 0# 0, 0, 0, 255, 0# 0, 0, 0, 255, 0# 0, 0, 0, 255, 0# 0, 0, 0, 255, 0# 0, 0, 0, 255, 0# 0, 0, 0, 255, 0# 0, 0, 0, 255, 0# 0, 0, 0, 0, 0# 0, 0, 0, 0, 0# 0, 0, 0, 0, 0# 0, 0, 0, 0, 0# 0, 0, 0, 255, 0# 0, 0, 0, 255, 0# 0, 0, 0, 255, 0# 0, 0, 0, 255, 0# 0, 0, 0, 255, 0# 0, 0, 0, 255, 0# 0, 0, 0, 255, 0# 0, 0, 0, 255, 0# 0, 0, 0, 0, 0 
0, 0, 0, 0, 0# 0, 0, 0, 0, 0# 0, 0, 0, 0, 0# 0, 0, 0, 0, 0# 0, 0, 0, 255, 0# 0, 0, 0, 255, 0# 0, 0, 0, 255, 0# 0, 0, 0, 255, 0# 0, 0, 0, 255, 0# 0, 0, 0, 255, 0# 0, 0, 0, 255, 0# 0, 0, 0, 255, 0# 0, 0, 0, 0, 0# 0, 0, 0, 0, 0# 0, 0, 0, 0, 0# 0, 0, 0, 0, 0# 0, 0, 0, 255, 0# 0, 0, 0, 255, 0# 0, 0, 0, 255, 0# 0, 0, 0, 255, 0# 0, 0, 0, 255, 0# 0, 0, 0, 255, 0# 0, 0, 0, 255, 0# 0, 0, 0, 255, 0# 0, 0, 0, 0, 0 
0, 0, 0, 0, 0# 0, 0, 0, 0, 0# 0, 0, 0, 0, 0# 0, 0, 0, 0, 0# 0, 0, 0, 255, 0# 0, 0, 0, 255, 0# 0, 0, 0, 255, 0# 0, 0, 0, 255, 0# 0, 0, 0, 255, 0# 0, 0, 0, 255, 0# 0, 0, 0, 255, 0# 0, 0, 0, 255, 0# 0, 0, 0, 0, 0# 0, 0, 0, 0, 0# 0, 0, 0, 0, 0# 0, 0, 0, 0, 0# 0, 0, 0, 255, 0# 0, 0, 0, 255, 0# 0, 0, 0, 255, 0# 0, 0, 0, 255, 0# 0, 0, 0, 255, 0# 0, 0, 0, 255, 0# 0, 0, 0, 255, 0# 0, 0, 0, 255, 0# 0, 0, 0, 0, 0 
