0, 0, 0, 0, 0# 0, 0, 0, 0, 0# 0, 0, 0, 0, 0# 0, 0, 0, 0, 0# 0, 0, 0, 0, 0# 0, 0, 0, 0, 0# 0, 0, 0, 0, 0# 0, 0, 0, 0, 0# 0, 0, 0, 0, 0# 0, 0, 0, 0, 0# 0, 0, 0, 0, 0# 0, 0, 0, 0, 0# 0, 0, 0, 0, 0# 0, 0, 0, 0, 0# 0, 0, 0, 0, 0# 0, 0, 0, 0, 0# 0, 0, 0, 0, 0# 0, 0, 0, 0, 0# 0, 0, 0, 0, 0# 0, 0, 0, 0, 0# 0, 0, 0, 0, 0# 0, 0, 0, 0, 0# 0, 0, 0, 0, 0# 0, 0, 0, 0, 0# 0, 0, 0, 0, 0 
0, 0, 0, 0, 0# 0, 0, 0, 0, 0# 0, 0, 0, 0, 0# 0, 0, 0, 0, 0# 0, 0, 0, 0, 0# 0, 0, 0, 0, 0# 0, 0, 0, 0, 0# 0, 0, 0, 0, 0# 0, 0, 0, 0, 0# 0, 0, 0, 0, 0# 0, 0, 0, 0, 0# 0, 0, 0, 0, 0# 0, 0, 0, 0, 0# 0, 0, 0, 0, 0# 0, 0, 0, 0, 0# 0, 0, 0, 0, 0# 0, 0, 0, 0, 0# 0, 0, 0, 0, 0# 0, 0, 0, 0, 0# 0, 0, 0, 0, 0# 0, 0, 0, 0, 0# 0, 0, 0, 0, 0# 0, 0, 0, 0, 0# 0, 0, 0, 0, 0# 0, 0, 0, 0, 0 
0, 0, 0, 0, 0# 0, 0, 0, 0, 0# 0, 0, 0, 0, 0# 0, 0, 0, 0, 0# 0, 0, 0, 0, 0# 0, 0, 0, 0, 0# 0, 0, 0, 0, 0# 0, 0, 0, 0, 0# 0, 0, 0, 0, 0# 0, 0, 0, 0, 0# 0, 0, 0, 0, 0# 0, 0, 0, 0, 0# 0, 0, 0, 0, 0# 0, 0, 0, 0, 0# 0, 0, 0, 0, 0# 0, 0, 0, 0, 0# 0, 0, 0, 0, 0# 0, 0, 0, 0, 0# 0, 0, 0, 0, 0# 0, 0, 0, 0, 0# 0, 0, 0, 0, 0# 0, 0, 0, 0, 0# 0, 0, 0, 0, 0# 0, 0, 0, 0, 0# 0, 0, 0, 0, 0 
0, 0, 0, 0, 0# 0, 0, 0, 0, 0# 0, 0, 0, 0, 0# 0, 0, 0, 0, 0# 0, 0, 0, 0, 0# 0, 0, 0, 0, 0# 0, 0, 0, 0, 0# 0, 0, 0, 0, 0# 0, 0, 0, 0, 0# 0, 0, 0, 0, 0# 0, 0, 0, 0, 0# 0, 0, 0, 0, 0# 0, 0, 0, 0, 0# 0, 0, 0, 0, 0# 0, 0, 0, 0, 0# 0, 0, 0, 0, 0# 0, 0, 0, 0, 0# 0, 0, 0, 0, 0# 0, 0, 0, 0, 0# 0, 0, 0, 0, 0# 0, 0, 0, 0, 0# 0, 0, 0, 0, 0# 0, 0, 0, 0, 0# 0, 0, 0, 0, 0# 0, 0, 0, 0, 0 
0, 0, 0, 0, 0# 0, 0, 0, 0, 0# 0, 0, 0, 0, 0# 0, 0, 0, 0, 0# 0, 0, 0, 0, 0# 0, 0, 0, 0, 0# 0, 0, 0, 0, 0# 0, 0, 0, 0, 0# 0, 0, 0, 0, 0# 0, 0, 0, 0, 0# 0, 0, 0, 0, 0# 0, 0, 0, 0, 0# 0, 0, 0, 0, 0# 0, 0, 0, 0, 0# 0, 0, 0, 0, 0# 0, 0, 0, 0, 0# 0, 0, 0, 0, 0# 0, 0, 0, 0, 0# 0, 0, 0, 0, 0# 0, 0, 0, 0, 0# 0, 0, 0, 0, 0# 0, 0, 0, 0, 0# 0, 0, 0, 0, 0# 0, 0, 0, 0, 0# 0, 0, 0, 0, 0 
0, 0, 0, 0, 0# 0, 0, 0, 0, 0# 0, 0, 0, 0, 0# 0, 0, 0, 0, 0# 0, 0, 0, 0, 0# 0, 0, 0, 0, 0# 0, 0, 0, 0, 0# 0, 0, 0, 0, 0# 0, 0, 0, 0, 0# 0, 0, 0, 0, 0# 0, 0, 0, 0, 0# 0, 0, 0, 0, 0# 0, 0, 0, 0, 0# 0, 0, 0, 0, 0# 0, 0, 0, 0, 0# 0, 0, 0, 0, 0# 0, 0, 0, 0, 0# 0, 0, 0, 0, 0# 0, 0, 0, 0, 0# 0, 0, 0, 0, 0# 0, 0, 0, 0, 0# 0, 0, 0, 0, 0# 0, 0, 0, 0, 0# 0, 0, 0, 0, 0# 0, 0, 0, 0, 0 
0, 0, 0, 0, 0# 0, 0, 0, 0, 0# 0, 0, 0, 0, 0# 0, 0, 0, 0, 0# 0, 0, 0, 0, 0# 0, 0, 0, 0, 0# 0, 0, 0, 0, 0# 0, 0, 0, 0, 0# 0, 0, 0, 0, 0# 0, 0, 0, 0, 0# 0, 0, 0, 0, 0# 0, 0, 0, 0, 0# 0, 0, 0, 0, 0# 0, 0, 0, 0, 0# 0, 0, 0, 0, 0# 0, 0, 0, 0, 0# 0, 0, 0, 0, 0# 0, 0, 0, 0, 0# 0, 0, 0, 0, 0# 0, 0, 0, 0, 0# 0, 0, 0, 0, 0# 0, 0, 0, 0, 0# 0, 0, 0, 0, 0# 0, 0, 0, 0, 0# 0, 0, 0, 0, 0 
0, 0, 0, 0, 0# 0, 0, 0, 0, 0# 0, 0, 0, 0, 0# 0, 0, 0, 0, 0# 0, 0, 0, 0, 0# 0, 0, 0, 0, 0# 0, 0, 0, 0, 0# 0, 0, 0, 0, 0# 0, 0, 0, 0, 0# 0, 0, 0, 0, 0# 0, 0, 0, 0, 0# 0, 0, 0, 0, 0# 0, 0, 0, 0, 0# 0, 0, 0, 0, 0# 0, 0, 0, 0, 0# 0, 0, 0, 0, 0# 0, 0, 0, 0, 0# 0, 0, 0, 0, 0# 0, 0, 0, 0, 0# 0, 0, 0, 0, 0# 0, 0, 0, 0, 0# 0, 0, 0, 0, 0# 0, 0, 0, 0, 0# 0, 0, 0, 0, 0# 0, 0, 0, 0, 0 
0, 0, 0, 0, 0# 0, 0, 0, 0, 0# 0, 0, 0, 0, 0# 0, 0, 0, 0, 0# 0, 0, 0, 0, 0# 0, 0, 0, 0, 0# 0, 0, 0, 0, 0# 0, 0, 0, 0, 0# 0, 0, 0, 0, 0# 0, 0, 0, 0, 0# 0, 0, 0, 0, 0# 0, 0, 0, 0, 0# 0, 0, 0, 0, 0# 0, 0, 0, 0, 0# 0, 0, 0, 0, 0# 0, 0, 0, 0, 0# 0, 0, 0, 0, 0# 0, 0, 0, 0, 0# 0, 0, 0, 0, 0# 0, 0, 0, 0, 0# 0, 0, 0, 0, 0# 0, 0, 0, 0, 0# 0, 0, 0, 0, 0# 0, 0, 0, 0, 0# 0, 0, 0, 0, 0 
0, 0, 0, 0, 0# 0, 0, 0, 0, 0# 0, 0, 0, 255, 0# 0, 0, 0, 255, 0# 0, 0, 0, 255, 0# 0, 0, 0, 255, 0# 0, 0, 0, 255, 0# 0, 0, 0, 255, 0# 0, 0, 0, 255, 0# 0, 0, 0, 255, 0# 0, 0, 0, 255, 0# 0, 0, 0, 255, 0# 0, 0, 0, 255, 0# 0, 0, 0, 255, 0# 0, 0, 0, 255, 0# 0, 0, 0, 255, 0# 0, 0, 0, 255, 0# 0, 0, 0, 255, 0# 0, 0, 0, 255, 0# 0, 0, 0, 255, 0# 0, 0, 0, 255, 0# 0, 0, 0, 255, 0# 0, 0, 0, 255, 0# 0, 0, 0, 0, 0# 0, 0, 0, 0, 0 
0, 0, 0, 0, 0# 0, 0, 0, 0, 0# 0, 0, 0, 255, 0# 237, 28, 36, 255, 100# 237, 28, 36, 255, 100# 237, 28, 36, 255, 100# 0, 0, 0, 255, 0# 255, 255, 255, 255, 255# 255, 255, 255, 255, 255# 255, 255, 255, 255, 255# 255, 255, 255, 255, 255# 255, 255, 255, 255, 255# 237, 28, 36, 255, 100# 255, 255, 255, 255, 255# 255, 255, 255, 255, 255# 255, 255, 255, 255, 255# 255, 255, 255, 255, 255# 0, 0, 0, 0, 0# 0, 0, 0, 255, 0# 237, 28, 36, 255, 100# 237, 28, 36, 255, 100# 237, 28, 36, 255, 100# 0, 0, 0, 255, 0# 0, 0, 0, 0, 0# 0, 0, 0, 0, 0 
0, 0, 0, 0, 0# 0, 0, 0, 0, 0# 0, 0, 0, 255, 0# 237, 28, 36, 255, 100# 237, 28, 36, 255, 100# 237, 28, 36, 255, 100# 0, 0, 0, 255, 0# 255, 255, 255, 255, 255# 255, 255, 255, 255, 255# 255, 255, 255, 255, 255# 255, 255, 255, 255, 255# 237, 28, 36, 255, 100# 237, 28, 36, 255, 100# 237, 28, 36, 255, 100# 255, 255, 255, 255, 255# 255, 255, 255, 255, 255# 255, 255, 255, 255, 255# 255, 255, 255, 255, 255# 0, 0, 0, 255, 0# 237, 28, 36, 255, 100# 237, 28, 36, 255, 100# 237, 28, 36, 255, 100# 0, 0, 0, 255, 0# 0, 0, 0, 0, 0# 0, 0, 0, 0, 0 
0, 0, 0, 0, 0# 0, 0, 0, 0, 0# 0, 0, 0, 255, 0# 237, 28, 36, 255, 100# 237, 28, 36, 255, 100# 237, 28, 36, 255, 100# 0, 0, 0, 255, 0# 255, 255, 255, 255, 255# 237, 28, 36, 255, 100# 237, 28, 36, 255, 100# 255, 255, 255, 255, 255# 237, 28, 36, 255, 100# 237, 28, 36, 255, 100# 237, 28, 36, 255, 100# 255, 255, 255, 255, 255# 237, 28, 36, 255, 100# 237, 28, 36, 255, 100# 255, 255, 255, 255, 255# 0, 0, 0, 255, 0# 237, 28, 36, 255, 100# 237, 28, 36, 255, 100# 237, 28, 36, 255, 100# 0, 0, 0, 255, 0# 0, 0, 0, 0, 0# 0, 0, 0, 0, 0 
0, 0, 0, 0, 0# 0, 0, 0, 0, 0# 0, 0, 0, 255, 0# 237, 28, 36, 255, 100# 237, 28, 36, 255, 100# 237, 28, 36, 255, 100# 0, 0, 0, 255, 0# 255, 255, 255, 255, 255# 255, 255, 255, 255, 255# 237, 28, 36, 255, 100# 237, 28, 36, 255, 100# 237, 28, 36, 255, 100# 237, 28, 36, 255, 100# 237, 28, 36, 255, 100# 237, 28, 36, 255, 100# 237, 28, 36, 255, 100# 0, 0, 0, 0, 0# 255, 255, 255, 255, 255# 0, 0, 0, 255, 0# 237, 28, 36, 255, 100# 237, 28, 36, 255, 100# 237, 28, 36, 255, 100# 0, 0, 0, 255, 0# 0, 0, 0, 0, 0# 0, 0, 0, 0, 0 
0, 0, 0, 0, 0# 0, 0, 0, 0, 0# 0, 0, 0, 255, 0# 237, 28, 36, 255, 100# 237, 28, 36, 255, 100# 237, 28, 36, 255, 100# 0, 0, 0, 255, 0# 255, 255, 255, 255, 255# 255, 255, 255, 255, 255# 255, 255, 255, 255, 255# 237, 28, 36, 255, 100# 237, 28, 36, 255, 100# 237, 28, 36, 255, 100# 237, 28, 36, 255, 100# 237, 28, 36, 255, 100# 255, 255, 255, 255, 255# 255, 255, 255, 255, 255# 255, 255, 255, 255, 255# 0, 0, 0, 255, 0# 237, 28, 36, 255, 100# 237, 28, 36, 255, 100# 237, 28, 36, 255, 100# 0, 0, 0, 255, 0# 0, 0, 0, 0, 0# 0, 0, 0, 0, 0 
0, 0, 0, 0, 0# 0, 0, 0, 0, 0# 0, 0, 0, 255, 0# 237, 28, 36, 255, 100# 237, 28, 36, 255, 100# 237, 28, 36, 255, 100# 0, 0, 0, 255, 0# 255, 255, 255, 255, 255# 237, 28, 36, 255, 100# 237, 28, 36, 255, 100# 237, 28, 36, 255, 100# 237, 28, 36, 255, 100# 237, 28, 36, 255, 100# 237, 28, 36, 255, 100# 237, 28, 36, 255, 100# 237, 28, 36, 255, 100# 237, 28, 36, 255, 100# 255, 255, 255, 255, 255# 0, 0, 0, 255, 0# 237, 28, 36, 255, 100# 237, 28, 36, 255, 100# 237, 28, 36, 255, 100# 0, 0, 0, 255, 0# 0, 0, 0, 0, 0# 0, 0, 0, 0, 0 
0, 0, 0, 0, 0# 0, 0, 0, 0, 0# 0, 0, 0, 255, 0# 237, 28, 36, 255, 100# 237, 28, 36, 255, 100# 237, 28, 36, 255, 100# 0, 0, 0, 255, 0# 255, 255, 255, 255, 255# 255, 255, 255, 255, 255# 237, 28, 36, 255, 100# 237, 28, 36, 255, 100# 237, 28, 36, 255, 100# 237, 28, 36, 255, 100# 237, 28, 36, 255, 100# 237, 28, 36, 255, 100# 237, 28, 36, 255, 100# 255, 255, 255, 255, 255# 0, 0, 0, 0, 0# 0, 0, 0, 255, 0# 237, 28, 36, 255, 100# 237, 28, 36, 255, 100# 237, 28, 36, 255, 100# 0, 0, 0, 255, 0# 0, 0, 0, 0, 0# 0, 0, 0, 0, 0 
0, 0, 0, 0, 0# 0, 0, 0, 0, 0# 0, 0, 0, 255, 0# 237, 28, 36, 255, 100# 237, 28, 36, 255, 100# 237, 28, 36, 255, 100# 0, 0, 0, 255, 0# 255, 255, 255, 255, 255# 255, 255, 255, 255, 255# 255, 255, 255, 255, 255# 255, 255, 255, 255, 255# 255, 255, 255, 255, 255# 237, 28, 36, 255, 100# 255, 255, 255, 255, 255# 255, 255, 255, 255, 255# 255, 255, 255, 255, 255# 255, 255, 255, 255, 255# 255, 255, 255, 255, 255# 0, 0, 0, 255, 0# 237, 28, 36, 255, 100# 237, 28, 36, 255, 100# 237, 28, 36, 255, 100# 0, 0, 0, 255, 0# 0, 0, 0, 0, 0# 0, 0, 0, 0, 0 
0, 0, 0, 0, 0# 0, 0, 0, 0, 0# 0, 0, 0, 255, 0# 237, 28, 36, 255, 100# 237, 28, 36, 255, 100# 237, 28, 36, 255, 100# 0, 0, 0, 255, 0# 255, 255, 255, 255, 255# 255, 255, 255, 255, 255# 255, 255, 255, 255, 255# 255, 255, 255, 255, 255# 255, 255, 255, 255, 255# 255, 255, 255, 255, 255# 255, 255, 255, 255, 255# 255, 255, 255, 255, 255# 255, 255, 255, 255, 255# 255, 255, 255, 255, 255# 255, 255, 255, 255, 255# 0, 0, 0, 255, 0# 237, 28, 36, 255, 100# 237, 28, 36, 255, 100# 237, 28, 36, 255, 100# 0, 0, 0, 255, 0# 0, 0, 0, 0, 0# 0, 0, 0, 0, 0 
0, 0, 0, 0, 0# 0, 0, 0, 0, 0# 0, 0, 0, 255, 0# 0, 0, 0, 255, 0# 0, 0, 0, 255, 0# 0, 0, 0, 255, 0# 0, 0, 0, 255, 0# 0, 0, 0, 255, 0# 0, 0, 0, 255, 0# 0, 0, 0, 255, 0# 0, 0, 0, 255, 0# 0, 0, 0, 255, 0# 0, 0, 0, 255, 0# 0, 0, 0, 255, 0# 0, 0, 0, 255, 0# 0, 0, 0, 255, 0# 0, 0, 0, 255, 0# 0, 0, 0, 255, 0# 0, 0, 0, 255, 0# 0, 0, 0, 255, 0# 0, 0, 0, 255, 0# 0, 0, 0, 255, 0# 0, 0, 0, 255, 0# 0, 0, 0, 0, 0# 0, 0, 0, 0, 0 
0, 0, 0, 0, 0# 0, 0, 0, 0, 0# 0, 0, 0, 0, 0# 0, 0, 0, 0, 0# 0, 0, 0, 0, 0# 0, 0, 0, 0, 0# 0, 0, 0, 0, 0# 0, 0, 0, 0, 0# 0, 0, 0, 0, 0# 0, 0, 0, 0, 0# 0, 0, 0, 0, 0# 0, 0, 0, 0, 0# 0, 0, 0, 0, 0# 0, 0, 0, 0, 0# 0, 0, 0, 0, 0# 0, 0, 0, 0, 0# 0, 0, 0, 0, 0# 0, 0, 0, 0, 0# 0, 0, 0, 0, 0# 0, 0, 0, 0, 0# 0, 0, 0, 0, 0# 0, 0, 0, 0, 0# 0, 0, 0, 0, 0# 0, 0, 0, 0, 0# 0, 0, 0, 0, 0 
0, 0, 0, 0, 0# 0, 0, 0, 0, 0# 0, 0, 0, 0, 0# 0, 0, 0, 0, 0# 0, 0, 0, 0, 0# 0, 0, 0, 0, 0# 0, 0, 0, 0, 0# 0, 0, 0, 0, 0# 0, 0, 0, 0, 0# 0, 0, 0, 0, 0# 0, 0, 0, 0, 0# 0, 0, 0, 0, 0# 0, 0, 0, 0, 0# 0, 0, 0, 0, 0# 0, 0, 0, 0, 0# 0, 0, 0, 0, 0# 0, 0, 0, 0, 0# 0, 0, 0, 0, 0# 0, 0, 0, 0, 0# 0, 0, 0, 0, 0# 0, 0, 0, 0, 0# 0, 0, 0, 0, 0# 0, 0, 0, 0, 0# 0, 0, 0, 0, 0# 0, 0, 0, 0, 0 
0, 0, 0, 0, 0# 0, 0, 0, 0, 0# 0, 0, 0, 0, 0# 0, 0, 0, 0, 0# 0, 0, 0, 0, 0# 0, 0, 0, 0, 0# 0, 0, 0, 0, 0# 0, 0, 0, 255, 0# 0, 0, 0, 255, 0# 0, 0, 0, 255, 0# 0, 0, 0, 0, 0# 0, 0, 0, 0, 0# 0, 0, 0, 0, 0# 0, 0, 0, 0, 0# 0, 0, 0, 0, 0# 0, 0, 0, 0, 0# 0, 0, 0, 0, 0# 0, 0, 0, 0, 0# 0, 0, 0, 0, 0# 0, 0, 0, 0, 0# 0, 0, 0, 0, 0# 0, 0, 0, 0, 0# 0, 0, 0, 0, 0# 0, 0, 0, 0, 0# 0, 0, 0, 0, 0 
0, 0, 0, 0, 0# 0, 0, 0, 0, 0# 0, 0, 0, 0, 0# 0, 0, 0, 0, 0# 0, 0, 0, 255, 0# 0, 0, 0, 255, 0# 0, 0, 0, 255, 0# 0, 0, 0, 255, 0# 84, 109, 142, 255, 111# 0, 0, 0, 255, 0# 0, 0, 0, 255, 0# 0, 0, 0, 255, 0# 0, 0, 0, 0, 0# 0, 0, 0, 255, 0# 0, 0, 0, 255, 0# 0, 0, 0, 0, 0# 0, 0, 0, 0, 0# 0, 0, 0, 255, 0# 0, 0, 0, 255, 0# 0, 0, 0, 255, 0# 0, 0, 0, 255, 0# 0, 0, 0, 255, 0# 0, 0, 0, 0, 0# 0, 0, 0, 0, 0# 0, 0, 0, 0, 0 
0, 0, 0, 0, 0# 0, 0, 0, 0, 0# 0, 0, 0, 0, 0# 0, 0, 0, 255, 0# 0, 0, 0, 255, 0# 84, 109, 142, 255, 111# 84, 109, 142, 255, 111# 84, 109, 142, 255, 111# 77, 109, 243, 255, 143# 84, 109, 142, 255, 111# 84, 109, 142, 255, 111# 0, 0, 0, 255, 0# 0, 0, 0, 255, 0# 0, 0, 0, 255, 0# 156, 90, 60, 255, 102# 0, 0, 0, 255, 0# 0, 0, 0, 255, 0# 156, 90, 60, 255, 102# 156, 90, 60, 255, 102# 0, 0, 0, 255, 0# 112, 154, 209, 255, 158# 0, 0, 0, 255, 0# 0, 0, 0, 255, 0# 0, 0, 0, 0, 0# 0, 0, 0, 0, 0 
0, 0, 0, 255, 0# 0, 0, 0, 255, 0# 0, 0, 0, 255, 0# 84, 109, 142, 255, 111# 84, 109, 142, 255, 111# 0, 0, 0, 255, 0# 77, 109, 243, 255, 143# 77, 109, 243, 255, 143# 77, 109, 243, 255, 143# 77, 109, 243, 255, 143# 77, 109, 243, 255, 143# 0, 0, 0, 255, 0# 0, 0, 0, 255, 0# 156, 90, 60, 255, 102# 156, 90, 60, 255, 102# 245, 228, 156, 255, 209# 245, 228, 156, 255, 209# 0, 0, 0, 255, 0# 0, 0, 0, 255, 0# 112, 154, 209, 255, 158# 112, 154, 209, 255, 158# 112, 154, 209, 255, 158# 0, 0, 0, 255, 0# 0, 0, 0, 255, 0# 0, 0, 0, 255, 0 
0, 0, 0, 255, 0# 180, 180, 180, 255, 180# 0, 0, 0, 255, 0# 77, 109, 243, 255, 143# 77, 109, 243, 255, 143# 84, 109, 142, 255, 111# 0, 0, 0, 255, 0# 77, 109, 243, 255, 143# 77, 109, 243, 255, 143# 77, 109, 243, 255, 143# 77, 109, 243, 255, 143# 77, 109, 243, 255, 143# 0, 0, 0, 255, 0# 156, 90, 60, 255, 102# 0, 0, 0, 255, 0# 229, 170, 122, 255, 173# 245, 228, 156, 255, 209# 245, 228, 156, 255, 209# 0, 0, 0, 255, 0# 112, 154, 209, 255, 158# 112, 154, 209, 255, 158# 112, 154, 209, 255, 158# 112, 154, 209, 255, 158# 112, 154, 209, 255, 158# 0, 0, 0, 255, 0 
0, 0, 0, 255, 0# 180, 180, 180, 255, 180# 0, 0, 0, 255, 0# 77, 109, 243, 255, 143# 77, 109, 243, 255, 143# 77, 109, 243, 255, 143# 245, 228, 156, 255, 209# 0, 0, 0, 255, 0# 77, 109, 243, 255, 143# 77, 109, 243, 255, 143# 77, 109, 243, 255, 143# 0, 0, 0, 255, 0# 0, 0, 0, 255, 0# 0, 0, 0, 255, 0# 0, 0, 0, 255, 0# 245, 228, 156, 255, 209# 245, 228, 156, 255, 209# 245, 228, 156, 255, 209# 245, 228, 156, 255, 209# 0, 0, 0, 255, 0# 112, 154, 209, 255, 158# 112, 154, 209, 255, 158# 112, 154, 209, 255, 158# 112, 154, 209, 255, 158# 0, 0, 0, 255, 0 
0, 0, 0, 255, 0# 0, 0, 0, 255, 0# 0, 0, 0, 255, 0# 77, 109, 243, 255, 143# 77, 109, 243, 255, 143# 77, 109, 243, 255, 143# 245, 228, 156, 255, 209# 0, 0, 0, 255, 0# 0, 0, 0, 255, 0# 0, 0, 0, 255, 0# 0, 0, 0, 255, 0# 84, 109, 142, 255, 111# 84, 109, 142, 255, 111# 0, 0, 0, 255, 0# 245, 228, 156, 255, 209# 245, 228, 156, 255, 209# 245, 228, 156, 255, 209# 229, 170, 122, 255, 173# 245, 228, 156, 255, 209# 245, 228, 156, 255, 209# 156, 90, 60, 255, 102# 0, 0, 0, 255, 0# 112, 154, 209, 255, 158# 112, 154, 209, 255, 158# 0, 0, 0, 255, 0 
0, 0, 0, 255, 0# 0, 0, 0, 255, 0# 0, 0, 0, 255, 0# 77, 109, 243, 255, 143# 77, 109, 243, 255, 143# 77, 109, 243, 255, 143# 245, 228, 156, 255, 209# 0, 0, 0, 255, 0# 84, 109, 142, 255, 111# 84, 109, 142, 255, 111# 84, 109, 142, 255, 111# 77, 109, 243, 255, 143# 0, 0, 0, 255, 0# 245, 228, 156, 255, 209# 245, 228, 156, 255, 209# 229, 170, 122, 255, 173# 245, 228, 156, 255, 209# 229, 170, 122, 255, 173# 156, 90, 60, 255, 102# 0, 0, 0, 255, 0# 156, 90, 60, 255, 102# 0, 0, 0, 255, 0# 112, 154, 209, 255, 158# 112, 154, 209, 255, 158# 0, 0, 0, 255, 0 
0, 0, 0, 255, 0# 0, 0, 0, 255, 0# 0, 0, 0, 255, 0# 77, 109, 243, 255, 143# 77, 109, 243, 255, 143# 77, 109, 243, 255, 143# 0, 0, 0, 255, 0# 0, 0, 0, 255, 0# 77, 109, 243, 255, 143# 77, 109, 243, 255, 143# 77, 109, 243, 255, 143# 255, 255, 255, 255, 255# 0, 0, 0, 255, 0# 245, 228, 156, 255, 209# 245, 228, 156, 255, 209# 245, 228, 156, 255, 209# 245, 228, 156, 255, 209# 156, 90, 60, 255, 102# 156, 90, 60, 255, 102# 0, 0, 0, 255, 0# 156, 90, 60, 255, 102# 0, 0, 0, 255, 0# 0, 0, 0, 255, 0# 112, 154, 209, 255, 158# 0, 0, 0, 255, 0 
0, 0, 0, 255, 0# 0, 0, 0, 255, 0# 0, 0, 0, 255, 0# 77, 109, 243, 255, 143# 0, 0, 0, 255, 0# 0, 0, 0, 255, 0# 0, 0, 0, 255, 0# 70, 70, 70, 255, 70# 0, 0, 0, 255, 0# 77, 109, 243, 255, 143# 255, 255, 255, 255, 255# 255, 255, 255, 255, 255# 209, 153, 111, 255, 157# 245, 228, 156, 255, 209# 0, 0, 0, 255, 0# 245, 228, 156, 255, 209# 0, 0, 0, 255, 0# 245, 228, 156, 255, 209# 245, 228, 156, 255, 209# 245, 228, 156, 255, 209# 245, 228, 156, 255, 209# 117, 71, 52, 255, 80# 0, 0, 0, 255, 0# 112, 154, 209, 255, 158# 0, 0, 0, 255, 0 
0, 0, 0, 255, 0# 0, 0, 0, 255, 0# 0, 0, 0, 255, 0# 0, 0, 0, 255, 0# 84, 109, 142, 255, 111# 0, 0, 0, 255, 0# 84, 109, 142, 255, 111# 0, 0, 0, 255, 0# 70, 70, 70, 255, 70# 0, 0, 0, 255, 0# 0, 0, 0, 255, 0# 255, 255, 255, 255, 255# 0, 0, 0, 255, 0# 245, 228, 156, 255, 209# 0, 0, 0, 255, 0# 245, 228, 156, 255, 209# 0, 0, 0, 255, 0# 0, 0, 0, 255, 0# 0, 0, 0, 255, 0# 245, 228, 156, 255, 209# 245, 228, 156, 255, 209# 156, 90, 60, 255, 102# 0, 0, 0, 255, 0# 112, 154, 209, 255, 158# 0, 0, 0, 255, 0 
0, 0, 0, 255, 0# 180, 180, 180, 255, 180# 0, 0, 0, 255, 0# 84, 109, 142, 255, 111# 84, 109, 142, 255, 111# 84, 109, 142, 255, 111# 84, 109, 142, 255, 111# 245, 228, 156, 255, 209# 0, 0, 0, 255, 0# 84, 109, 142, 255, 111# 0, 0, 0, 255, 0# 84, 109, 142, 255, 111# 0, 0, 0, 255, 0# 245, 228, 156, 255, 209# 0, 0, 0, 255, 0# 245, 228, 156, 255, 209# 245, 228, 156, 255, 209# 229, 170, 122, 255, 173# 156, 90, 60, 255, 102# 0, 0, 0, 255, 0# 245, 228, 156, 255, 209# 156, 90, 60, 255, 102# 0, 0, 0, 255, 0# 112, 154, 209, 255, 158# 0, 0, 0, 255, 0 
0, 0, 0, 255, 0# 180, 180, 180, 255, 180# 0, 0, 0, 255, 0# 77, 109, 243, 255, 143# 77, 109, 243, 255, 143# 77, 109, 243, 255, 143# 77, 109, 243, 255, 143# 245, 228, 156, 255, 209# 0, 0, 0, 255, 0# 77, 109, 243, 255, 143# 77, 109, 243, 255, 143# 77, 109, 243, 255, 143# 0, 0, 0, 255, 0# 245, 228, 156, 255, 209# 237, 28, 36, 255, 100# 245, 228, 156, 255, 209# 245, 228, 156, 255, 209# 156, 90, 60, 255, 102# 156, 90, 60, 255, 102# 0, 0, 0, 255, 0# 0, 0, 0, 255, 0# 156, 90, 60, 255, 102# 156, 90, 60, 255, 102# 0, 0, 0, 255, 0# 70, 70, 70, 255, 70 
0, 0, 0, 255, 0# 0, 0, 0, 255, 0# 0, 0, 0, 255, 0# 77, 109, 243, 255, 143# 77, 109, 243, 255, 143# 77, 109, 243, 255, 143# 77, 109, 243, 255, 143# 245, 228, 156, 255, 209# 77, 109, 243, 255, 143# 77, 109, 243, 255, 143# 77, 109, 243, 255, 143# 77, 109, 243, 255, 143# 77, 109, 243, 255, 143# 0, 0, 0, 255, 0# 237, 28, 36, 255, 100# 0, 0, 0, 255, 0# 0, 0, 0, 255, 0# 0, 0, 0, 255, 0# 0, 0, 0, 255, 0# 0, 0, 0, 255, 0# 156, 90, 60, 255, 102# 156, 90, 60, 255, 102# 0, 0, 0, 255, 0# 70, 70, 70, 255, 70# 70, 70, 70, 255, 70 
0, 0, 0, 255, 0# 0, 0, 0, 255, 0# 0, 0, 0, 255, 0# 77, 109, 243, 255, 143# 77, 109, 243, 255, 143# 77, 109, 243, 255, 143# 77, 109, 243, 255, 143# 0, 0, 0, 255, 0# 84, 109, 142, 255, 111# 84, 109, 142, 255, 111# 84, 109, 142, 255, 111# 84, 109, 142, 255, 111# 84, 109, 142, 255, 111# 84, 109, 142, 255, 111# 0, 0, 0, 255, 0# 70, 70, 70, 255, 70# 70, 70, 70, 255, 70# 70, 70, 70, 255, 70# 70, 70, 70, 255, 70# 70, 70, 70, 255, 70# 70, 70, 70, 255, 70# 70, 70, 70, 255, 70# 70, 70, 70, 255, 70# 70, 70, 70, 255, 70# 99, 99, 99, 255, 99 
0, 0, 0, 255, 0# 0, 0, 0, 255, 0# 0, 0, 0, 255, 0# 0, 0, 0, 255, 0# 0, 0, 0, 255, 0# 0, 0, 0, 255, 0# 0, 0, 0, 255, 0# 70, 70, 70, 255, 70# 0, 0, 0, 255, 0# 0, 0, 0, 255, 0# 0, 0, 0, 255, 0# 0, 0, 0, 255, 0# 0, 0, 0, 255, 0# 0, 0, 0, 255, 0# 237, 28, 36, 255, 100# 237, 28, 36, 255, 100# 237, 28, 36, 255, 100# 237, 28, 36, 255, 100# 70, 70, 70, 255, 70# 70, 70, 70, 255, 70# 70, 70, 70, 255, 70# 70, 70, 70, 255, 70# 70, 70, 70, 255, 70# 70, 70, 70, 255, 70# 99, 99, 99, 255, 99 
70, 70, 70, 255, 70# 70, 70, 70, 255, 70# 70, 70, 70, 255, 70# 70, 70, 70, 255, 70# 70, 70, 70, 255, 70# 70, 70, 70, 255, 70# 70, 70, 70, 255, 70# 70, 70, 70, 255, 70# 70, 70, 70, 255, 70# 70, 70, 70, 255, 70# 70, 70, 70, 255, 70# 70, 70, 70, 255, 70# 70, 70, 70, 255, 70# 70, 70, 70, 255, 70# 70, 70, 70, 255, 70# 237, 28, 36, 255, 100# 237, 28, 36, 255, 100# 70, 70, 70, 255, 70# 70, 70, 70, 255, 70# 70, 70, 70, 255, 70# 70, 70, 70, 255, 70# 70, 70, 70, 255, 70# 70, 70, 70, 255, 70# 99, 99, 99, 255, 99# 99, 99, 99, 255, 99 
99, 99, 99, 255, 99# 99, 99, 99, 255, 99# 99, 99, 99, 255, 99# 99, 99, 99, 255, 99# 99, 99, 99, 255, 99# 99, 99, 99, 255, 99# 99, 99, 99, 255, 99# 99, 99, 99, 255, 99# 99, 99, 99, 255, 99# 99, 99, 99, 255, 99# 99, 99, 99, 255, 99# 99, 99, 99, 255, 99# 99, 99, 99, 255, 99# 99, 99, 99, 255, 99# 99, 99, 99, 255, 99# 99, 99, 99, 255, 99# 99, 99, 99, 255, 99# 99, 99, 99, 255, 99# 99, 99, 99, 255, 99# 99, 99, 99, 255, 99# 99, 99, 99, 255, 99# 99, 99, 99, 255, 99# 99, 99, 99, 255, 99# 99, 99, 99, 255, 99# 0, 0, 0, 0, 0 
