0, 0, 0, 0, 0# 0, 0, 0, 0, 0# 0, 0, 0, 0, 0# 0, 0, 0, 0, 0# 0, 0, 0, 0, 0# 0, 0, 0, 0, 0# 0, 0, 0, 0, 0# 0, 0, 0, 0, 0# 0, 0, 0, 0, 0# 0, 0, 0, 0, 0# 0, 0, 0, 0, 0# 0, 0, 0, 0, 0# 0, 0, 0, 0, 0# 0, 0, 0, 0, 0# 0, 0, 0, 0, 0# 0, 0, 0, 0, 0# 0, 0, 0, 0, 0# 0, 0, 0, 0, 0# 0, 0, 0, 0, 0# 0, 0, 0, 0, 0# 0, 0, 0, 0, 0# 0, 0, 0, 0, 0# 0, 0, 0, 0, 0# 0, 0, 0, 0, 0# 0, 0, 0, 0, 0 
0, 0, 0, 0, 0# 0, 0, 0, 0, 0# 0, 0, 0, 0, 0# 0, 0, 0, 0, 0# 0, 0, 0, 0, 0# 0, 0, 0, 0, 0# 0, 0, 0, 0, 0# 0, 0, 0, 0, 0# 0, 0, 0, 0, 0# 0, 0, 0, 0, 0# 0, 0, 0, 0, 0# 0, 0, 0, 0, 0# 0, 0, 0, 0, 0# 0, 0, 0, 0, 0# 0, 0, 0, 0, 0# 0, 0, 0, 0, 0# 0, 0, 0, 0, 0# 0, 0, 0, 0, 0# 0, 0, 0, 0, 0# 0, 0, 0, 0, 0# 0, 0, 0, 0, 0# 0, 0, 0, 0, 0# 0, 0, 0, 0, 0# 0, 0, 0, 0, 0# 0, 0, 0, 0, 0 
0, 0, 0, 0, 0# 0, 0, 0, 0, 0# 0, 0, 0, 0, 0# 0, 0, 0, 0, 0# 0, 0, 0, 0, 0# 0, 0, 0, 0, 0# 0, 0, 0, 0, 0# 0, 0, 0, 0, 0# 0, 0, 0, 0, 0# 0, 0, 0, 0, 0# 0, 0, 0, 0, 0# 0, 0, 0, 0, 0# 0, 0, 0, 0, 0# 0, 0, 0, 0, 0# 0, 0, 0, 0, 0# 0, 0, 0, 0, 0# 0, 0, 0, 0, 0# 0, 0, 0, 0, 0# 0, 0, 0, 0, 0# 0, 0, 0, 0, 0# 0, 0, 0, 0, 0# 0, 0, 0, 0, 0# 0, 0, 0, 0, 0# 0, 0, 0, 0, 0# 0, 0, 0, 0, 0 
0, 0, 0, 0, 0# 0, 0, 0, 0, 0# 0, 0, 0, 0, 0# 0, 0, 0, 0, 0# 0, 0, 0, 0, 0# 0, 0, 0, 0, 0# 0, 0, 0, 0, 0# 0, 0, 0, 0, 0# 0, 0, 0, 0, 0# 0, 0, 0, 0, 0# 0, 0, 0, 0, 0# 0, 0, 0, 0, 0# 0, 0, 0, 0, 0# 0, 0, 0, 0, 0# 0, 0, 0, 0, 0# 0, 0, 0, 0, 0# 0, 0, 0, 0, 0# 0, 0, 0, 0, 0# 0, 0, 0, 0, 0# 0, 0, 0, 0, 0# 0, 0, 0, 0, 0# 0, 0, 0, 0, 0# 0, 0, 0, 0, 0# 0, 0, 0, 0, 0# 0, 0, 0, 0, 0 
0, 0, 0, 0, 0# 0, 0, 0, 0, 0# 0, 0, 0, 0, 0# 0, 0, 0, 0, 0# 0, 0, 0, 0, 0# 0, 0, 0, 0, 0# 0, 0, 0, 0, 0# 0, 0, 0, 0, 0# 0, 0, 0, 255, 0# 0, 0, 0, 0, 0# 0, 0, 0, 255, 0# 0, 0, 0, 255, 0# 0, 0, 0, 0, 0# 0, 0, 0, 255, 0# 0, 0, 0, 0, 0# 0, 0, 0, 0, 0# 0, 0, 0, 0, 0# 0, 0, 0, 0, 0# 0, 0, 0, 0, 0# 0, 0, 0, 0, 0# 0, 0, 0, 0, 0# 0, 0, 0, 0, 0# 0, 0, 0, 0, 0# 0, 0, 0, 0, 0# 0, 0, 0, 0, 0 
0, 0, 0, 0, 0# 0, 0, 0, 0, 0# 0, 0, 0, 0, 0# 0, 0, 0, 0, 0# 0, 0, 0, 0, 0# 0, 0, 0, 255, 0# 245, 228, 156, 255, 209# 0, 0, 0, 255, 0# 0, 0, 0, 255, 0# 245, 228, 156, 255, 209# 0, 0, 0, 255, 0# 0, 0, 0, 255, 0# 245, 228, 156, 255, 209# 0, 0, 0, 255, 0# 245, 228, 156, 255, 209# 0, 0, 0, 255, 0# 0, 0, 0, 0, 0# 0, 0, 0, 0, 0# 0, 0, 0, 0, 0# 0, 0, 0, 0, 0# 0, 0, 0, 0, 0# 0, 0, 0, 0, 0# 0, 0, 0, 0, 0# 0, 0, 0, 0, 0# 0, 0, 0, 0, 0 
0, 0, 0, 0, 0# 0, 0, 0, 0, 0# 0, 0, 0, 0, 0# 0, 0, 0, 0, 0# 0, 0, 0, 255, 0# 0, 0, 0, 255, 0# 245, 228, 156, 255, 209# 245, 228, 156, 255, 209# 245, 228, 156, 255, 209# 245, 228, 156, 255, 209# 0, 0, 0, 255, 0# 245, 228, 156, 255, 209# 0, 0, 0, 255, 0# 0, 0, 0, 255, 0# 245, 228, 156, 255, 209# 245, 228, 156, 255, 209# 0, 0, 0, 255, 0# 0, 0, 0, 0, 0# 0, 0, 0, 0, 0# 0, 0, 0, 0, 0# 0, 0, 0, 0, 0# 0, 0, 0, 0, 0# 0, 0, 0, 0, 0# 0, 0, 0, 0, 0# 0, 0, 0, 0, 0 
0, 0, 0, 0, 0# 0, 0, 0, 0, 0# 0, 0, 0, 0, 0# 0, 0, 0, 0, 0# 245, 228, 156, 255, 209# 245, 228, 156, 255, 209# 245, 228, 156, 255, 209# 245, 228, 156, 255, 209# 245, 228, 156, 255, 209# 0, 0, 0, 255, 0# 245, 228, 156, 255, 209# 245, 228, 156, 255, 209# 0, 0, 0, 255, 0# 245, 228, 156, 255, 209# 245, 228, 156, 255, 209# 245, 228, 156, 255, 209# 0, 0, 0, 255, 0# 0, 0, 0, 0, 0# 0, 0, 0, 0, 0# 0, 0, 0, 0, 0# 0, 0, 0, 0, 0# 0, 0, 0, 0, 0# 0, 0, 0, 0, 0# 0, 0, 0, 0, 0# 0, 0, 0, 0, 0 
0, 0, 0, 0, 0# 0, 0, 0, 0, 0# 0, 0, 0, 0, 0# 0, 0, 0, 255, 0# 245, 228, 156, 255, 209# 245, 228, 156, 255, 209# 245, 228, 156, 255, 209# 245, 228, 156, 255, 209# 245, 228, 156, 255, 209# 245, 228, 156, 255, 209# 245, 228, 156, 255, 209# 245, 228, 156, 255, 209# 245, 228, 156, 255, 209# 245, 228, 156, 255, 209# 245, 228, 156, 255, 209# 245, 228, 156, 255, 209# 0, 0, 0, 255, 0# 0, 0, 0, 255, 0# 0, 0, 0, 0, 0# 0, 0, 0, 0, 0# 0, 0, 0, 0, 0# 0, 0, 0, 0, 0# 0, 0, 0, 0, 0# 0, 0, 0, 0, 0# 0, 0, 0, 0, 0 
0, 0, 0, 0, 0# 0, 0, 0, 0, 0# 0, 0, 0, 0, 0# 245, 228, 156, 255, 209# 245, 228, 156, 255, 209# 245, 228, 156, 255, 209# 245, 228, 156, 255, 209# 229, 170, 122, 255, 173# 229, 170, 122, 255, 173# 245, 228, 156, 255, 209# 229, 170, 122, 255, 173# 229, 170, 122, 255, 173# 245, 228, 156, 255, 209# 245, 228, 156, 255, 209# 245, 228, 156, 255, 209# 245, 228, 156, 255, 209# 245, 228, 156, 255, 209# 0, 0, 0, 255, 0# 0, 0, 0, 0, 0# 0, 0, 0, 0, 0# 0, 0, 0, 0, 0# 0, 0, 0, 0, 0# 0, 0, 0, 0, 0# 0, 0, 0, 0, 0# 0, 0, 0, 0, 0 
0, 0, 0, 0, 0# 0, 0, 0, 0, 0# 0, 0, 0, 0, 0# 0, 0, 0, 255, 0# 245, 228, 156, 255, 209# 245, 228, 156, 255, 209# 245, 228, 156, 255, 209# 245, 228, 156, 255, 209# 245, 228, 156, 255, 209# 245, 228, 156, 255, 209# 245, 228, 156, 255, 209# 245, 228, 156, 255, 209# 245, 228, 156, 255, 209# 245, 228, 156, 255, 209# 245, 228, 156, 255, 209# 245, 228, 156, 255, 209# 245, 228, 156, 255, 209# 0, 0, 0, 255, 0# 0, 0, 0, 0, 0# 0, 0, 0, 0, 0# 0, 0, 0, 0, 0# 0, 0, 0, 0, 0# 0, 0, 0, 0, 0# 0, 0, 0, 0, 0# 0, 0, 0, 0, 0 
0, 0, 0, 0, 0# 0, 0, 0, 0, 0# 0, 0, 0, 0, 0# 0, 0, 0, 255, 0# 245, 228, 156, 255, 209# 245, 228, 156, 255, 209# 229, 170, 122, 255, 173# 229, 170, 122, 255, 173# 229, 170, 122, 255, 173# 245, 228, 156, 255, 209# 229, 170, 122, 255, 173# 229, 170, 122, 255, 173# 229, 170, 122, 255, 173# 245, 228, 156, 255, 209# 245, 228, 156, 255, 209# 245, 228, 156, 255, 209# 245, 228, 156, 255, 209# 245, 228, 156, 255, 209# 0, 0, 0, 255, 0# 0, 0, 0, 255, 0# 0, 0, 0, 0, 0# 0, 0, 0, 0, 0# 0, 0, 0, 0, 0# 0, 0, 0, 0, 0# 0, 0, 0, 0, 0 
0, 0, 0, 0, 0# 0, 0, 0, 0, 0# 0, 0, 0, 0, 0# 0, 0, 0, 255, 0# 245, 228, 156, 255, 209# 245, 228, 156, 255, 209# 245, 228, 156, 255, 209# 245, 228, 156, 255, 209# 245, 228, 156, 255, 209# 245, 228, 156, 255, 209# 245, 228, 156, 255, 209# 245, 228, 156, 255, 209# 245, 228, 156, 255, 209# 245, 228, 156, 255, 209# 245, 228, 156, 255, 209# 245, 228, 156, 255, 209# 245, 228, 156, 255, 209# 245, 228, 156, 255, 209# 245, 228, 156, 255, 209# 0, 0, 0, 255, 0# 0, 0, 0, 0, 0# 0, 0, 0, 0, 0# 0, 0, 0, 0, 0# 0, 0, 0, 0, 0# 0, 0, 0, 0, 0 
0, 0, 0, 0, 0# 0, 0, 0, 0, 0# 0, 0, 0, 0, 0# 0, 0, 0, 0, 0# 0, 0, 0, 255, 0# 0, 0, 0, 255, 0# 0, 0, 0, 255, 0# 245, 228, 156, 255, 209# 245, 228, 156, 255, 209# 245, 228, 156, 255, 209# 245, 228, 156, 255, 209# 0, 0, 0, 255, 0# 0, 0, 0, 255, 0# 0, 0, 0, 255, 0# 245, 228, 156, 255, 209# 245, 228, 156, 255, 209# 245, 228, 156, 255, 209# 0, 0, 0, 255, 0# 245, 228, 156, 255, 209# 0, 0, 0, 255, 0# 0, 0, 0, 0, 0# 0, 0, 0, 0, 0# 0, 0, 0, 0, 0# 0, 0, 0, 0, 0# 0, 0, 0, 0, 0 
0, 0, 0, 0, 0# 0, 0, 0, 0, 0# 0, 0, 0, 0, 0# 0, 0, 0, 255, 0# 211, 249, 188, 255, 216# 211, 249, 188, 255, 216# 211, 249, 188, 255, 216# 0, 0, 0, 255, 0# 0, 0, 0, 255, 0# 0, 0, 0, 255, 0# 0, 0, 0, 255, 0# 211, 249, 188, 255, 216# 211, 249, 188, 255, 216# 211, 249, 188, 255, 216# 0, 0, 0, 255, 0# 245, 228, 156, 255, 209# 245, 228, 156, 255, 209# 245, 228, 156, 255, 209# 212, 196, 131, 255, 179# 0, 0, 0, 255, 0# 0, 0, 0, 0, 0# 0, 0, 0, 0, 0# 0, 0, 0, 0, 0# 0, 0, 0, 0, 0# 0, 0, 0, 0, 0 
0, 0, 0, 0, 0# 0, 0, 0, 0, 0# 0, 0, 0, 0, 0# 0, 0, 0, 255, 0# 211, 249, 188, 255, 216# 211, 249, 188, 255, 216# 211, 249, 188, 255, 216# 0, 0, 0, 255, 0# 245, 228, 156, 255, 209# 245, 228, 156, 255, 209# 0, 0, 0, 255, 0# 211, 249, 188, 255, 216# 211, 249, 188, 255, 216# 211, 249, 188, 255, 216# 0, 0, 0, 255, 0# 245, 228, 156, 255, 209# 245, 228, 156, 255, 209# 245, 228, 156, 255, 209# 0, 0, 0, 255, 0# 0, 0, 0, 255, 0# 0, 0, 0, 0, 0# 0, 0, 0, 0, 0# 0, 0, 0, 0, 0# 0, 0, 0, 0, 0# 0, 0, 0, 0, 0 
0, 0, 0, 0, 0# 0, 0, 0, 0, 0# 0, 0, 0, 0, 0# 0, 0, 0, 0, 0# 0, 0, 0, 255, 0# 0, 0, 0, 255, 0# 0, 0, 0, 255, 0# 245, 228, 156, 255, 209# 0, 0, 0, 255, 0# 245, 228, 156, 255, 209# 245, 228, 156, 255, 209# 0, 0, 0, 255, 0# 0, 0, 0, 255, 0# 0, 0, 0, 255, 0# 245, 228, 156, 255, 209# 245, 228, 156, 255, 209# 245, 228, 156, 255, 209# 212, 196, 131, 255, 179# 0, 0, 0, 0, 0# 0, 0, 0, 0, 0# 0, 0, 0, 0, 0# 0, 0, 0, 0, 0# 0, 0, 0, 0, 0# 0, 0, 0, 0, 0# 0, 0, 0, 0, 0 
0, 0, 0, 0, 0# 0, 0, 0, 0, 0# 0, 0, 0, 0, 0# 0, 0, 0, 0, 0# 0, 0, 0, 0, 0# 0, 0, 0, 255, 0# 245, 228, 156, 255, 209# 245, 228, 156, 255, 209# 0, 0, 0, 255, 0# 245, 228, 156, 255, 209# 245, 228, 156, 255, 209# 245, 228, 156, 255, 209# 245, 228, 156, 255, 209# 245, 228, 156, 255, 209# 245, 228, 156, 255, 209# 245, 228, 156, 255, 209# 245, 228, 156, 255, 209# 0, 0, 0, 255, 0# 0, 0, 0, 0, 0# 0, 0, 0, 0, 0# 0, 0, 0, 0, 0# 0, 0, 0, 0, 0# 0, 0, 0, 0, 0# 0, 0, 0, 0, 0# 0, 0, 0, 0, 0 
0, 0, 0, 0, 0# 0, 0, 0, 0, 0# 0, 0, 0, 0, 0# 0, 0, 0, 0, 0# 0, 0, 0, 0, 0# 0, 0, 0, 255, 0# 245, 228, 156, 255, 209# 245, 228, 156, 255, 209# 0, 0, 0, 255, 0# 245, 228, 156, 255, 209# 245, 228, 156, 255, 209# 245, 228, 156, 255, 209# 245, 228, 156, 255, 209# 245, 228, 156, 255, 209# 245, 228, 156, 255, 209# 245, 228, 156, 255, 209# 245, 228, 156, 255, 209# 212, 196, 131, 255, 179# 0, 0, 0, 255, 0# 0, 0, 0, 255, 0# 0, 0, 0, 0, 0# 0, 0, 0, 0, 0# 0, 0, 0, 0, 0# 0, 0, 0, 0, 0# 0, 0, 0, 0, 0 
0, 0, 0, 0, 0# 0, 0, 0, 0, 0# 0, 0, 0, 0, 0# 0, 0, 0, 0, 0# 0, 0, 0, 0, 0# 0, 0, 0, 0, 0# 0, 0, 0, 255, 0# 245, 228, 156, 255, 209# 0, 0, 0, 255, 0# 245, 228, 156, 255, 209# 245, 228, 156, 255, 209# 245, 228, 156, 255, 209# 245, 228, 156, 255, 209# 245, 228, 156, 255, 209# 245, 228, 156, 255, 209# 245, 228, 156, 255, 209# 245, 228, 156, 255, 209# 212, 196, 131, 255, 179# 34, 177, 76, 255, 95# 0, 0, 0, 255, 0# 0, 0, 0, 255, 0# 0, 0, 0, 255, 0# 0, 0, 0, 0, 0# 0, 0, 0, 0, 0# 0, 0, 0, 0, 0 
0, 0, 0, 0, 0# 0, 0, 0, 0, 0# 0, 0, 0, 0, 0# 0, 0, 0, 0, 0# 0, 0, 0, 0, 0# 0, 0, 0, 0, 0# 0, 0, 0, 255, 0# 245, 228, 156, 255, 209# 0, 0, 0, 255, 0# 0, 0, 0, 255, 0# 0, 0, 0, 255, 0# 245, 228, 156, 255, 209# 245, 228, 156, 255, 209# 245, 228, 156, 255, 209# 245, 228, 156, 255, 209# 245, 228, 156, 255, 209# 245, 228, 156, 255, 209# 212, 196, 131, 255, 179# 34, 177, 76, 255, 95# 34, 177, 76, 255, 95# 34, 177, 76, 255, 95# 0, 0, 0, 255, 0# 0, 0, 0, 0, 0# 0, 0, 0, 0, 0# 0, 0, 0, 0, 0 
0, 0, 0, 0, 0# 0, 0, 0, 0, 0# 0, 0, 0, 0, 0# 0, 0, 0, 0, 0# 0, 0, 0, 0, 0# 0, 0, 0, 0, 0# 0, 0, 0, 255, 0# 0, 0, 0, 255, 0# 245, 228, 156, 255, 209# 245, 228, 156, 255, 209# 245, 228, 156, 255, 209# 245, 228, 156, 255, 209# 245, 228, 156, 255, 209# 245, 228, 156, 255, 209# 245, 228, 156, 255, 209# 212, 196, 131, 255, 179# 0, 0, 0, 255, 0# 0, 0, 0, 255, 0# 34, 177, 76, 255, 95# 34, 177, 76, 255, 95# 34, 177, 76, 255, 95# 0, 0, 0, 255, 0# 0, 0, 0, 255, 0# 0, 0, 0, 0, 0# 0, 0, 0, 0, 0 
0, 0, 0, 0, 0# 0, 0, 0, 0, 0# 0, 0, 0, 0, 0# 0, 0, 0, 0, 0# 0, 0, 0, 0, 0# 0, 0, 0, 255, 0# 34, 177, 76, 255, 95# 0, 0, 0, 255, 0# 245, 228, 156, 255, 209# 0, 0, 0, 255, 0# 0, 0, 0, 255, 0# 0, 0, 0, 255, 0# 245, 228, 156, 255, 209# 245, 228, 156, 255, 209# 245, 228, 156, 255, 209# 0, 0, 0, 255, 0# 0, 0, 0, 255, 0# 13, 99, 37, 255, 49# 34, 177, 76, 255, 95# 34, 177, 76, 255, 95# 34, 177, 76, 255, 95# 34, 177, 76, 255, 95# 0, 0, 0, 255, 0# 0, 0, 0, 0, 0# 0, 0, 0, 0, 0 
0, 0, 0, 0, 0# 0, 0, 0, 0, 0# 0, 0, 0, 0, 0# 0, 0, 0, 0, 0# 0, 0, 0, 255, 0# 0, 0, 0, 255, 0# 34, 177, 76, 255, 95# 0, 0, 0, 255, 0# 245, 228, 156, 255, 209# 245, 228, 156, 255, 209# 245, 228, 156, 255, 209# 245, 228, 156, 255, 209# 245, 228, 156, 255, 209# 245, 228, 156, 255, 209# 212, 196, 131, 255, 179# 13, 99, 37, 255, 49# 13, 99, 37, 255, 49# 34, 177, 76, 255, 95# 0, 0, 0, 255, 0# 34, 177, 76, 255, 95# 34, 177, 76, 255, 95# 34, 177, 76, 255, 95# 0, 0, 0, 255, 0# 0, 0, 0, 0, 0# 0, 0, 0, 0, 0 
0, 0, 0, 0, 0# 0, 0, 0, 0, 0# 0, 0, 0, 0, 0# 0, 0, 0, 255, 0# 0, 0, 0, 255, 0# 34, 177, 76, 255, 95# 34, 177, 76, 255, 95# 34, 177, 76, 255, 95# 13, 99, 37, 255, 49# 0, 0, 0, 255, 0# 0, 0, 0, 255, 0# 0, 0, 0, 255, 0# 0, 0, 0, 255, 0# 0, 0, 0, 255, 0# 34, 177, 76, 255, 95# 34, 177, 76, 255, 95# 34, 177, 76, 255, 95# 0, 0, 0, 255, 0# 0, 0, 0, 255, 0# 34, 177, 76, 255, 95# 34, 177, 76, 255, 95# 34, 177, 76, 255, 95# 0, 0, 0, 255, 0# 0, 0, 0, 0, 0# 0, 0, 0, 0, 0 
0, 0, 0, 0, 0# 0, 0, 0, 0, 0# 0, 0, 0, 255, 0# 0, 0, 0, 255, 0# 34, 177, 76, 255, 95# 34, 177, 76, 255, 95# 34, 177, 76, 255, 95# 34, 177, 76, 255, 95# 34, 177, 76, 255, 95# 34, 177, 76, 255, 95# 34, 177, 76, 255, 95# 0, 183, 239, 255, 140# 0, 183, 239, 255, 140# 0, 183, 239, 255, 140# 34, 177, 76, 255, 95# 34, 177, 76, 255, 95# 0, 0, 0, 255, 0# 0, 0, 0, 255, 0# 34, 177, 76, 255, 95# 34, 177, 76, 255, 95# 34, 177, 76, 255, 95# 0, 0, 0, 255, 0# 0, 0, 0, 255, 0# 0, 0, 0, 0, 0# 0, 0, 0, 0, 0 
0, 0, 0, 0, 0# 0, 0, 0, 255, 0# 0, 0, 0, 255, 0# 0, 0, 0, 255, 0# 34, 177, 76, 255, 95# 34, 177, 76, 255, 95# 34, 177, 76, 255, 95# 13, 99, 37, 255, 49# 0, 0, 0, 255, 0# 34, 177, 76, 255, 95# 34, 177, 76, 255, 95# 0, 183, 239, 255, 140# 0, 183, 239, 255, 140# 0, 183, 239, 255, 140# 34, 177, 76, 255, 95# 34, 177, 76, 255, 95# 0, 0, 0, 255, 0# 34, 177, 76, 255, 95# 34, 177, 76, 255, 95# 34, 177, 76, 255, 95# 0, 0, 0, 255, 0# 0, 0, 0, 255, 0# 0, 0, 0, 0, 0# 0, 0, 0, 0, 0# 0, 0, 0, 0, 0 
0, 0, 0, 0, 0# 0, 0, 0, 255, 0# 245, 228, 156, 255, 209# 0, 0, 0, 255, 0# 34, 177, 76, 255, 95# 34, 177, 76, 255, 95# 13, 99, 37, 255, 49# 0, 0, 0, 0, 0# 0, 0, 0, 255, 0# 34, 177, 76, 255, 95# 34, 177, 76, 255, 95# 0, 183, 239, 255, 140# 0, 183, 239, 255, 140# 0, 183, 239, 255, 140# 0, 0, 0, 255, 0# 0, 0, 0, 255, 0# 0, 0, 0, 255, 0# 34, 177, 76, 255, 95# 34, 177, 76, 255, 95# 0, 0, 0, 255, 0# 0, 0, 0, 255, 0# 0, 0, 0, 0, 0# 0, 0, 0, 0, 0# 0, 0, 0, 0, 0# 0, 0, 0, 0, 0 
0, 0, 0, 0, 0# 0, 0, 0, 255, 0# 245, 228, 156, 255, 209# 0, 0, 0, 255, 0# 34, 177, 76, 255, 95# 13, 99, 37, 255, 49# 0, 0, 0, 255, 0# 0, 0, 0, 0, 0# 0, 0, 0, 255, 0# 34, 177, 76, 255, 95# 34, 177, 76, 255, 95# 0, 183, 239, 255, 140# 0, 183, 239, 255, 140# 0, 183, 239, 255, 140# 0, 0, 0, 255, 0# 245, 228, 156, 255, 209# 0, 0, 0, 255, 0# 34, 177, 76, 255, 95# 0, 0, 0, 255, 0# 0, 0, 0, 255, 0# 0, 0, 0, 0, 0# 0, 0, 0, 0, 0# 0, 0, 0, 0, 0# 0, 0, 0, 0, 0# 0, 0, 0, 0, 0 
0, 0, 0, 0, 0# 0, 0, 0, 255, 0# 0, 0, 0, 255, 0# 0, 0, 0, 255, 0# 0, 0, 0, 255, 0# 0, 0, 0, 255, 0# 0, 0, 0, 0, 0# 0, 0, 0, 0, 0# 0, 0, 0, 255, 0# 34, 177, 76, 255, 95# 34, 177, 76, 255, 95# 34, 177, 76, 255, 95# 0, 183, 239, 255, 140# 34, 177, 76, 255, 95# 0, 0, 0, 255, 0# 245, 228, 156, 255, 209# 0, 0, 0, 255, 0# 0, 0, 0, 255, 0# 0, 0, 0, 255, 0# 0, 0, 0, 255, 0# 0, 0, 0, 0, 0# 0, 0, 0, 0, 0# 0, 0, 0, 0, 0# 0, 0, 0, 0, 0# 0, 0, 0, 0, 0 
0, 0, 0, 0, 0# 0, 0, 0, 0, 0# 0, 0, 0, 255, 0# 0, 0, 0, 255, 0# 0, 0, 0, 0, 0# 0, 0, 0, 0, 0# 0, 0, 0, 0, 0# 0, 0, 0, 0, 0# 0, 0, 0, 255, 0# 34, 177, 76, 255, 95# 34, 177, 76, 255, 95# 34, 177, 76, 255, 95# 34, 177, 76, 255, 95# 34, 177, 76, 255, 95# 34, 177, 76, 255, 95# 0, 0, 0, 255, 0# 0, 0, 0, 255, 0# 13, 99, 37, 255, 49# 13, 99, 37, 255, 49# 0, 0, 0, 255, 0# 0, 0, 0, 0, 0# 0, 0, 0, 0, 0# 0, 0, 0, 0, 0# 0, 0, 0, 0, 0# 0, 0, 0, 0, 0 
0, 0, 0, 0, 0# 0, 0, 0, 0, 0# 0, 0, 0, 0, 0# 0, 0, 0, 0, 0# 0, 0, 0, 0, 0# 0, 0, 0, 0, 0# 0, 0, 0, 0, 0# 0, 0, 0, 0, 0# 0, 0, 0, 255, 0# 34, 177, 76, 255, 95# 34, 177, 76, 255, 95# 34, 177, 76, 255, 95# 34, 177, 76, 255, 95# 34, 177, 76, 255, 95# 34, 177, 76, 255, 95# 13, 99, 37, 255, 49# 13, 99, 37, 255, 49# 34, 177, 76, 255, 95# 34, 177, 76, 255, 95# 0, 0, 0, 255, 0# 0, 0, 0, 0, 0# 0, 0, 0, 0, 0# 0, 0, 0, 0, 0# 0, 0, 0, 0, 0# 0, 0, 0, 0, 0 
0, 0, 0, 0, 0# 0, 0, 0, 0, 0# 0, 0, 0, 0, 0# 0, 0, 0, 0, 0# 0, 0, 0, 0, 0# 0, 0, 0, 0, 0# 0, 0, 0, 0, 0# 0, 0, 0, 0, 0# 0, 0, 0, 255, 0# 34, 177, 76, 255, 95# 34, 177, 76, 255, 95# 34, 177, 76, 255, 95# 0, 0, 0, 255, 0# 34, 177, 76, 255, 95# 34, 177, 76, 255, 95# 34, 177, 76, 255, 95# 34, 177, 76, 255, 95# 34, 177, 76, 255, 95# 34, 177, 76, 255, 95# 0, 0, 0, 255, 0# 0, 0, 0, 0, 0# 0, 0, 0, 0, 0# 0, 0, 0, 0, 0# 0, 0, 0, 0, 0# 0, 0, 0, 0, 0 
0, 0, 0, 0, 0# 0, 0, 0, 0, 0# 0, 0, 0, 0, 0# 0, 0, 0, 0, 0# 0, 0, 0, 0, 0# 0, 0, 0, 0, 0# 0, 0, 0, 0, 0# 0, 0, 0, 255, 0# 0, 0, 0, 255, 0# 34, 177, 76, 255, 95# 34, 177, 76, 255, 95# 34, 177, 76, 255, 95# 0, 0, 0, 255, 0# 34, 177, 76, 255, 95# 34, 177, 76, 255, 95# 34, 177, 76, 255, 95# 34, 177, 76, 255, 95# 34, 177, 76, 255, 95# 34, 177, 76, 255, 95# 0, 0, 0, 255, 0# 0, 0, 0, 0, 0# 0, 0, 0, 0, 0# 0, 0, 0, 0, 0# 0, 0, 0, 0, 0# 0, 0, 0, 0, 0 
0, 0, 0, 0, 0# 0, 0, 0, 0, 0# 0, 0, 0, 0, 0# 0, 0, 0, 0, 0# 0, 0, 0, 0, 0# 0, 0, 0, 0, 0# 0, 0, 0, 0, 0# 0, 0, 0, 255, 0# 34, 177, 76, 255, 95# 34, 177, 76, 255, 95# 34, 177, 76, 255, 95# 13, 99, 37, 255, 49# 0, 0, 0, 255, 0# 34, 177, 76, 255, 95# 34, 177, 76, 255, 95# 34, 177, 76, 255, 95# 34, 177, 76, 255, 95# 34, 177, 76, 255, 95# 34, 177, 76, 255, 95# 0, 0, 0, 255, 0# 0, 0, 0, 0, 0# 0, 0, 0, 0, 0# 0, 0, 0, 0, 0# 0, 0, 0, 0, 0# 0, 0, 0, 0, 0 
0, 0, 0, 0, 0# 0, 0, 0, 0, 0# 0, 0, 0, 0, 0# 0, 0, 0, 0, 0# 0, 0, 0, 0, 0# 0, 0, 0, 0, 0# 0, 0, 0, 255, 0# 0, 0, 0, 255, 0# 13, 99, 37, 255, 49# 34, 177, 76, 255, 95# 34, 177, 76, 255, 95# 13, 99, 37, 255, 49# 0, 0, 0, 255, 0# 34, 177, 76, 255, 95# 34, 177, 76, 255, 95# 34, 177, 76, 255, 95# 34, 177, 76, 255, 95# 34, 177, 76, 255, 95# 13, 99, 37, 255, 49# 0, 0, 0, 255, 0# 0, 0, 0, 0, 0# 0, 0, 0, 0, 0# 0, 0, 0, 0, 0# 0, 0, 0, 0, 0# 0, 0, 0, 0, 0 
0, 0, 0, 0, 0# 0, 0, 0, 0, 0# 0, 0, 0, 0, 0# 0, 0, 0, 0, 0# 0, 0, 0, 0, 0# 0, 0, 0, 0, 0# 0, 0, 0, 255, 0# 0, 0, 0, 255, 0# 0, 0, 0, 255, 0# 0, 0, 0, 255, 0# 0, 0, 0, 255, 0# 0, 0, 0, 255, 0# 0, 0, 0, 255, 0# 0, 0, 0, 255, 0# 0, 0, 0, 255, 0# 0, 0, 0, 255, 0# 0, 0, 0, 255, 0# 0, 0, 0, 255, 0# 0, 0, 0, 255, 0# 0, 0, 0, 0, 0# 0, 0, 0, 0, 0# 0, 0, 0, 0, 0# 0, 0, 0, 0, 0# 0, 0, 0, 0, 0# 0, 0, 0, 0, 0 
0, 0, 0, 0, 0# 0, 0, 0, 0, 0# 0, 0, 0, 0, 0# 0, 0, 0, 0, 0# 0, 0, 0, 0, 0# 0, 0, 0, 255, 0# 0, 0, 0, 255, 0# 156, 90, 60, 255, 102# 156, 90, 60, 255, 102# 156, 90, 60, 255, 102# 156, 90, 60, 255, 102# 0, 0, 0, 255, 0# 0, 0, 0, 255, 0# 156, 90, 60, 255, 102# 156, 90, 60, 255, 102# 156, 90, 60, 255, 102# 156, 90, 60, 255, 102# 156, 90, 60, 255, 102# 156, 90, 60, 255, 102# 0, 0, 0, 255, 0# 0, 0, 0, 0, 0# 0, 0, 0, 0, 0# 0, 0, 0, 0, 0# 0, 0, 0, 0, 0# 0, 0, 0, 0, 0 
0, 0, 0, 0, 0# 0, 0, 0, 0, 0# 0, 0, 0, 0, 0# 0, 0, 0, 0, 0# 0, 0, 0, 0, 0# 0, 0, 0, 255, 0# 156, 90, 60, 255, 102# 156, 90, 60, 255, 102# 156, 90, 60, 255, 102# 156, 90, 60, 255, 102# 156, 90, 60, 255, 102# 0, 0, 0, 255, 0# 156, 90, 60, 255, 102# 156, 90, 60, 255, 102# 156, 90, 60, 255, 102# 156, 90, 60, 255, 102# 156, 90, 60, 255, 102# 156, 90, 60, 255, 102# 156, 90, 60, 255, 102# 0, 0, 0, 255, 0# 0, 0, 0, 0, 0# 0, 0, 0, 0, 0# 0, 0, 0, 0, 0# 0, 0, 0, 0, 0# 0, 0, 0, 0, 0 
0, 0, 0, 0, 0# 0, 0, 0, 0, 0# 0, 0, 0, 0, 0# 0, 0, 0, 0, 0# 0, 0, 0, 0, 0# 0, 0, 0, 255, 0# 0, 0, 0, 255, 0# 0, 0, 0, 255, 0# 0, 0, 0, 255, 0# 0, 0, 0, 255, 0# 0, 0, 0, 255, 0# 0, 0, 0, 255, 0# 0, 0, 0, 255, 0# 0, 0, 0, 255, 0# 0, 0, 0, 255, 0# 0, 0, 0, 255, 0# 0, 0, 0, 255, 0# 0, 0, 0, 255, 0# 0, 0, 0, 255, 0# 0, 0, 0, 255, 0# 0, 0, 0, 0, 0# 0, 0, 0, 0, 0# 0, 0, 0, 0, 0# 0, 0, 0, 0, 0# 0, 0, 0, 0, 0 
