0, 0, 0, 0, 0# 0, 0, 0, 0, 0# 0, 0, 0, 0, 0# 0, 0, 0, 0, 0# 0, 0, 0, 0, 0# 0, 0, 0, 0, 0# 0, 0, 0, 0, 0# 0, 0, 0, 0, 0# 0, 0, 0, 0, 0# 0, 0, 0, 0, 0# 0, 0, 0, 0, 0# 0, 0, 0, 0, 0# 0, 0, 0, 0, 0# 0, 0, 0, 0, 0# 0, 0, 0, 0, 0# 0, 0, 0, 0, 0# 0, 0, 0, 0, 0# 0, 0, 0, 0, 0# 0, 0, 0, 0, 0# 0, 0, 0, 0, 0# 0, 0, 0, 0, 0# 0, 0, 0, 0, 0# 0, 0, 0, 0, 0# 0, 0, 0, 0, 0# 0, 0, 0, 0, 0 
0, 0, 0, 0, 0# 0, 0, 0, 0, 0# 0, 0, 0, 0, 0# 0, 0, 0, 0, 0# 0, 0, 0, 0, 0# 0, 0, 0, 0, 0# 0, 0, 0, 0, 0# 0, 0, 0, 0, 0# 0, 0, 0, 0, 0# 0, 0, 0, 0, 0# 0, 0, 0, 0, 0# 0, 0, 0, 0, 0# 0, 0, 0, 0, 0# 0, 0, 0, 0, 0# 0, 0, 0, 0, 0# 0, 0, 0, 0, 0# 0, 0, 0, 0, 0# 0, 0, 0, 0, 0# 0, 0, 0, 0, 0# 0, 0, 0, 0, 0# 0, 0, 0, 0, 0# 0, 0, 0, 0, 0# 0, 0, 0, 0, 0# 0, 0, 0, 0, 0# 0, 0, 0, 0, 0 
0, 0, 0, 0, 0# 0, 0, 0, 0, 0# 0, 0, 0, 0, 0# 0, 0, 0, 0, 0# 0, 0, 0, 0, 0# 0, 0, 0, 0, 0# 0, 0, 0, 0, 0# 0, 0, 0, 0, 0# 0, 0, 0, 0, 0# 0, 0, 0, 0, 0# 0, 0, 0, 0, 0# 0, 0, 0, 0, 0# 0, 0, 0, 0, 0# 0, 0, 0, 0, 0# 0, 0, 0, 0, 0# 0, 0, 0, 0, 0# 0, 0, 0, 0, 0# 0, 0, 0, 0, 0# 0, 0, 0, 0, 0# 0, 0, 0, 0, 0# 0, 0, 0, 0, 0# 0, 0, 0, 0, 0# 0, 0, 0, 0, 0# 0, 0, 0, 0, 0# 0, 0, 0, 0, 0 
0, 0, 0, 0, 0# 0, 0, 0, 0, 0# 0, 0, 0, 0, 0# 0, 0, 0, 0, 0# 0, 0, 0, 0, 0# 0, 0, 0, 0, 0# 0, 0, 0, 0, 0# 0, 0, 0, 0, 0# 0, 0, 0, 0, 0# 0, 0, 0, 0, 0# 0, 0, 0, 0, 0# 0, 0, 0, 0, 0# 0, 0, 0, 0, 0# 0, 0, 0, 0, 0# 0, 0, 0, 0, 0# 0, 0, 0, 0, 0# 0, 0, 0, 0, 0# 0, 0, 0, 0, 0# 0, 0, 0, 0, 0# 0, 0, 0, 0, 0# 0, 0, 0, 0, 0# 0, 0, 0, 0, 0# 0, 0, 0, 0, 0# 0, 0, 0, 0, 0# 0, 0, 0, 0, 0 
0, 0, 0, 0, 0# 0, 0, 0, 0, 0# 0, 0, 0, 0, 0# 0, 0, 0, 0, 0# 0, 0, 0, 0, 0# 0, 0, 0, 0, 0# 0, 0, 0, 0, 0# 0, 0, 0, 0, 0# 0, 0, 0, 0, 0# 0, 0, 0, 255, 0# 0, 0, 0, 255, 0# 0, 0, 0, 255, 0# 0, 0, 0, 255, 0# 0, 0, 0, 255, 0# 0, 0, 0, 255, 0# 0, 0, 0, 0, 0# 0, 0, 0, 0, 0# 0, 0, 0, 0, 0# 0, 0, 0, 0, 0# 0, 0, 0, 0, 0# 0, 0, 0, 255, 0# 0, 0, 0, 0, 0# 0, 0, 0, 0, 0# 0, 0, 0, 0, 0# 0, 0, 0, 0, 0 
0, 0, 0, 0, 0# 0, 0, 0, 0, 0# 0, 0, 0, 0, 0# 0, 0, 0, 0, 0# 0, 0, 0, 0, 0# 0, 0, 0, 0, 0# 0, 0, 0, 0, 0# 0, 0, 0, 255, 0# 0, 0, 0, 255, 0# 0, 0, 0, 255, 0# 70, 70, 70, 255, 70# 70, 70, 70, 255, 70# 70, 70, 70, 255, 70# 0, 0, 0, 255, 0# 0, 0, 0, 255, 0# 0, 0, 0, 255, 0# 0, 0, 0, 255, 0# 0, 0, 0, 0, 0# 0, 0, 0, 0, 0# 0, 0, 0, 255, 0# 0, 0, 0, 255, 0# 0, 0, 0, 0, 0# 0, 0, 0, 0, 0# 0, 0, 0, 0, 0# 0, 0, 0, 0, 0 
0, 0, 0, 0, 0# 0, 0, 0, 0, 0# 0, 0, 0, 0, 0# 0, 0, 0, 0, 0# 0, 0, 0, 0, 0# 0, 0, 0, 0, 0# 0, 0, 0, 0, 0# 0, 0, 0, 255, 0# 70, 70, 70, 255, 70# 70, 70, 70, 255, 70# 70, 70, 70, 255, 70# 180, 180, 180, 255, 180# 180, 180, 180, 255, 180# 180, 180, 180, 255, 180# 0, 0, 0, 255, 0# 70, 70, 70, 255, 70# 70, 70, 70, 255, 70# 0, 0, 0, 255, 0# 0, 0, 0, 255, 0# 0, 0, 0, 255, 0# 0, 0, 0, 255, 0# 0, 0, 0, 0, 0# 0, 0, 0, 0, 0# 0, 0, 0, 0, 0# 0, 0, 0, 0, 0 
0, 0, 0, 0, 0# 0, 0, 0, 0, 0# 0, 0, 0, 255, 0# 0, 0, 0, 255, 0# 0, 0, 0, 255, 0# 0, 0, 0, 255, 0# 0, 0, 0, 255, 0# 0, 0, 0, 255, 0# 70, 70, 70, 255, 70# 0, 0, 0, 255, 0# 0, 0, 0, 255, 0# 0, 0, 0, 255, 0# 0, 0, 0, 255, 0# 0, 0, 0, 255, 0# 180, 180, 180, 255, 180# 0, 0, 0, 255, 0# 70, 70, 70, 255, 70# 70, 70, 70, 255, 70# 0, 0, 0, 255, 0# 0, 0, 0, 0, 0# 0, 0, 0, 255, 0# 0, 0, 0, 0, 0# 0, 0, 0, 0, 0# 0, 0, 0, 0, 0# 0, 0, 0, 0, 0 
0, 0, 0, 0, 0# 0, 0, 0, 0, 0# 0, 0, 0, 255, 0# 0, 0, 0, 255, 0# 0, 0, 0, 255, 0# 180, 180, 180, 255, 180# 180, 180, 180, 255, 180# 180, 180, 180, 255, 180# 0, 0, 0, 255, 0# 29, 253, 18, 255, 100# 29, 253, 18, 255, 100# 180, 180, 180, 255, 180# 180, 180, 180, 255, 180# 180, 180, 180, 255, 180# 180, 180, 180, 255, 180# 70, 70, 70, 255, 70# 0, 0, 0, 255, 0# 70, 70, 70, 255, 70# 0, 0, 0, 255, 0# 0, 0, 0, 255, 0# 0, 0, 0, 255, 0# 0, 0, 0, 0, 0# 0, 0, 0, 0, 0# 0, 0, 0, 0, 0# 0, 0, 0, 0, 0 
0, 0, 0, 0, 0# 0, 0, 0, 0, 0# 0, 0, 0, 255, 0# 0, 0, 0, 255, 0# 180, 180, 180, 255, 180# 180, 180, 180, 255, 180# 180, 180, 180, 255, 180# 180, 180, 180, 255, 180# 180, 180, 180, 255, 180# 29, 253, 18, 255, 100# 29, 253, 18, 255, 100# 180, 180, 180, 255, 180# 180, 180, 180, 255, 180# 180, 180, 180, 255, 180# 180, 180, 180, 255, 180# 70, 70, 70, 255, 70# 180, 180, 180, 255, 180# 70, 70, 70, 255, 70# 70, 70, 70, 255, 70# 0, 0, 0, 255, 0# 0, 0, 0, 0, 0# 0, 0, 0, 0, 0# 0, 0, 0, 0, 0# 0, 0, 0, 0, 0# 0, 0, 0, 0, 0 
0, 0, 0, 0, 0# 0, 0, 0, 0, 0# 0, 0, 0, 0, 0# 0, 0, 0, 255, 0# 180, 180, 180, 255, 180# 180, 180, 180, 255, 180# 180, 180, 180, 255, 180# 180, 180, 180, 255, 180# 180, 180, 180, 255, 180# 0, 0, 0, 255, 0# 180, 180, 180, 255, 180# 180, 180, 180, 255, 180# 180, 180, 180, 255, 180# 180, 180, 180, 255, 180# 70, 70, 70, 255, 70# 70, 70, 70, 255, 70# 180, 180, 180, 255, 180# 180, 180, 180, 255, 180# 0, 0, 0, 255, 0# 0, 0, 0, 0, 0# 0, 0, 0, 0, 0# 0, 0, 0, 0, 0# 0, 0, 0, 0, 0# 0, 0, 0, 0, 0# 0, 0, 0, 0, 0 
0, 0, 0, 0, 0# 0, 0, 0, 0, 0# 0, 0, 0, 0, 0# 0, 0, 0, 0, 0# 0, 0, 0, 255, 0# 0, 0, 0, 255, 0# 0, 0, 0, 255, 0# 180, 180, 180, 255, 180# 0, 0, 0, 255, 0# 180, 180, 180, 255, 180# 180, 180, 180, 255, 180# 180, 180, 180, 255, 180# 180, 180, 180, 255, 180# 70, 70, 70, 255, 70# 70, 70, 70, 255, 70# 180, 180, 180, 255, 180# 180, 180, 180, 255, 180# 0, 0, 0, 255, 0# 0, 0, 0, 255, 0# 0, 0, 0, 0, 0# 0, 0, 0, 0, 0# 0, 0, 0, 0, 0# 0, 0, 0, 0, 0# 0, 0, 0, 0, 0# 0, 0, 0, 0, 0 
0, 0, 0, 0, 0# 0, 0, 0, 0, 0# 0, 0, 0, 0, 0# 0, 0, 0, 0, 0# 0, 0, 0, 0, 0# 0, 0, 0, 0, 0# 0, 0, 0, 255, 0# 0, 0, 0, 255, 0# 180, 180, 180, 255, 180# 180, 180, 180, 255, 180# 180, 180, 180, 255, 180# 180, 180, 180, 255, 180# 180, 180, 180, 255, 180# 180, 180, 180, 255, 180# 180, 180, 180, 255, 180# 0, 0, 0, 255, 0# 180, 180, 180, 255, 180# 0, 0, 0, 255, 0# 0, 0, 0, 0, 0# 0, 0, 0, 0, 0# 0, 0, 0, 0, 0# 0, 0, 0, 0, 0# 0, 0, 0, 0, 0# 0, 0, 0, 0, 0# 0, 0, 0, 0, 0 
0, 0, 0, 0, 0# 0, 0, 0, 0, 0# 0, 0, 0, 0, 0# 0, 0, 0, 0, 0# 0, 0, 0, 0, 0# 0, 0, 0, 0, 0# 0, 0, 0, 0, 0# 0, 0, 0, 255, 0# 180, 180, 180, 255, 180# 180, 180, 180, 255, 180# 180, 180, 180, 255, 180# 180, 180, 180, 255, 180# 180, 180, 180, 255, 180# 180, 180, 180, 255, 180# 180, 180, 180, 255, 180# 180, 180, 180, 255, 180# 180, 180, 180, 255, 180# 0, 0, 0, 255, 0# 0, 0, 0, 0, 0# 0, 0, 0, 0, 0# 0, 0, 0, 0, 0# 0, 0, 0, 0, 0# 0, 0, 0, 0, 0# 0, 0, 0, 0, 0# 0, 0, 0, 0, 0 
0, 0, 0, 0, 0# 0, 0, 0, 0, 0# 0, 0, 0, 0, 0# 0, 0, 0, 0, 0# 0, 0, 0, 0, 0# 0, 0, 0, 0, 0# 0, 0, 0, 0, 0# 0, 0, 0, 0, 0# 0, 0, 0, 255, 0# 0, 0, 0, 255, 0# 180, 180, 180, 255, 180# 0, 0, 0, 255, 0# 180, 180, 180, 255, 180# 0, 0, 0, 255, 0# 180, 180, 180, 255, 180# 180, 180, 180, 255, 180# 180, 180, 180, 255, 180# 0, 0, 0, 255, 0# 0, 0, 0, 255, 0# 0, 0, 0, 0, 0# 0, 0, 0, 0, 0# 0, 0, 0, 0, 0# 0, 0, 0, 0, 0# 0, 0, 0, 0, 0# 0, 0, 0, 0, 0 
0, 0, 0, 0, 0# 0, 0, 0, 0, 0# 0, 0, 0, 0, 0# 0, 0, 0, 0, 0# 0, 0, 0, 0, 0# 0, 0, 0, 0, 0# 0, 0, 0, 0, 0# 0, 0, 0, 0, 0# 0, 0, 0, 255, 0# 180, 180, 180, 255, 180# 180, 180, 180, 255, 180# 180, 180, 180, 255, 180# 180, 180, 180, 255, 180# 180, 180, 180, 255, 180# 180, 180, 180, 255, 180# 180, 180, 180, 255, 180# 70, 70, 70, 255, 70# 70, 70, 70, 255, 70# 0, 0, 0, 255, 0# 0, 0, 0, 0, 0# 0, 0, 0, 0, 0# 0, 0, 0, 0, 0# 0, 0, 0, 0, 0# 0, 0, 0, 0, 0# 0, 0, 0, 0, 0 
0, 0, 0, 0, 0# 0, 0, 0, 0, 0# 0, 0, 0, 0, 0# 0, 0, 0, 0, 0# 0, 0, 0, 0, 0# 0, 0, 0, 0, 0# 0, 0, 0, 0, 0# 0, 0, 0, 255, 0# 0, 0, 0, 255, 0# 180, 180, 180, 255, 180# 180, 180, 180, 255, 180# 180, 180, 180, 255, 180# 180, 180, 180, 255, 180# 180, 180, 180, 255, 180# 180, 180, 180, 255, 180# 70, 70, 70, 255, 70# 70, 70, 70, 255, 70# 70, 70, 70, 255, 70# 0, 0, 0, 255, 0# 0, 0, 0, 0, 0# 0, 0, 0, 0, 0# 0, 0, 0, 0, 0# 0, 0, 0, 0, 0# 0, 0, 0, 0, 0# 0, 0, 0, 0, 0 
0, 0, 0, 0, 0# 0, 0, 0, 0, 0# 70, 70, 70, 255, 70# 0, 0, 0, 0, 0# 0, 0, 0, 0, 0# 0, 0, 0, 255, 0# 0, 0, 0, 255, 0# 0, 0, 0, 255, 0# 70, 70, 70, 255, 70# 180, 180, 180, 255, 180# 180, 180, 180, 255, 180# 180, 180, 180, 255, 180# 180, 180, 180, 255, 180# 180, 180, 180, 255, 180# 180, 180, 180, 255, 180# 70, 70, 70, 255, 70# 0, 0, 0, 255, 0# 0, 0, 0, 255, 0# 0, 0, 0, 255, 0# 0, 0, 0, 255, 0# 0, 0, 0, 0, 0# 0, 0, 0, 0, 0# 0, 0, 0, 0, 0# 0, 0, 0, 0, 0# 0, 0, 0, 0, 0 
0, 0, 0, 0, 0# 0, 0, 0, 0, 0# 70, 70, 70, 255, 70# 0, 0, 0, 0, 0# 0, 0, 0, 255, 0# 0, 0, 0, 255, 0# 70, 70, 70, 255, 70# 70, 70, 70, 255, 70# 70, 70, 70, 255, 70# 180, 180, 180, 255, 180# 180, 180, 180, 255, 180# 180, 180, 180, 255, 180# 180, 180, 180, 255, 180# 70, 70, 70, 255, 70# 70, 70, 70, 255, 70# 70, 70, 70, 255, 70# 70, 70, 70, 255, 70# 70, 70, 70, 255, 70# 70, 70, 70, 255, 70# 0, 0, 0, 255, 0# 0, 0, 0, 255, 0# 0, 0, 0, 0, 0# 0, 0, 0, 0, 0# 0, 0, 0, 0, 0# 0, 0, 0, 0, 0 
0, 0, 0, 0, 0# 0, 0, 0, 255, 0# 0, 0, 0, 255, 0# 0, 0, 0, 255, 0# 0, 0, 0, 255, 0# 70, 70, 70, 255, 70# 70, 70, 70, 255, 70# 70, 70, 70, 255, 70# 70, 70, 70, 255, 70# 180, 180, 180, 255, 180# 180, 180, 180, 255, 180# 180, 180, 180, 255, 180# 180, 180, 180, 255, 180# 70, 70, 70, 255, 70# 70, 70, 70, 255, 70# 70, 70, 70, 255, 70# 70, 70, 70, 255, 70# 70, 70, 70, 255, 70# 70, 70, 70, 255, 70# 70, 70, 70, 255, 70# 0, 0, 0, 255, 0# 0, 0, 0, 255, 0# 0, 0, 0, 0, 0# 0, 0, 0, 0, 0# 0, 0, 0, 0, 0 
0, 0, 0, 0, 0# 0, 0, 0, 255, 0# 180, 180, 180, 255, 180# 0, 0, 0, 255, 0# 180, 180, 180, 255, 180# 180, 180, 180, 255, 180# 180, 180, 180, 255, 180# 0, 0, 0, 255, 0# 180, 180, 180, 255, 180# 180, 180, 180, 255, 180# 180, 180, 180, 255, 180# 180, 180, 180, 255, 180# 180, 180, 180, 255, 180# 180, 180, 180, 255, 180# 180, 180, 180, 255, 180# 0, 0, 0, 255, 0# 0, 0, 0, 255, 0# 70, 70, 70, 255, 70# 70, 70, 70, 255, 70# 180, 180, 180, 255, 180# 180, 180, 180, 255, 180# 0, 0, 0, 255, 0# 0, 0, 0, 0, 0# 0, 0, 0, 0, 0# 0, 0, 0, 0, 0 
0, 0, 0, 0, 0# 0, 0, 0, 255, 0# 180, 180, 180, 255, 180# 0, 0, 0, 255, 0# 180, 180, 180, 255, 180# 180, 180, 180, 255, 180# 180, 180, 180, 255, 180# 0, 0, 0, 255, 0# 180, 180, 180, 255, 180# 180, 180, 180, 255, 180# 180, 180, 180, 255, 180# 180, 180, 180, 255, 180# 180, 180, 180, 255, 180# 180, 180, 180, 255, 180# 0, 0, 0, 255, 0# 0, 0, 0, 255, 0# 180, 180, 180, 255, 180# 180, 180, 180, 255, 180# 180, 180, 180, 255, 180# 180, 180, 180, 255, 180# 0, 0, 0, 255, 0# 0, 0, 0, 255, 0# 0, 0, 0, 0, 0# 0, 0, 0, 255, 0# 0, 0, 0, 255, 0 
0, 0, 0, 0, 0# 0, 0, 0, 255, 0# 0, 0, 0, 255, 0# 0, 0, 0, 255, 0# 180, 180, 180, 255, 180# 180, 180, 180, 255, 180# 0, 0, 0, 255, 0# 0, 0, 0, 255, 0# 0, 0, 0, 255, 0# 180, 180, 180, 255, 180# 180, 180, 180, 255, 180# 0, 0, 0, 255, 0# 0, 0, 0, 255, 0# 0, 0, 0, 255, 0# 0, 0, 0, 255, 0# 0, 0, 0, 255, 0# 180, 180, 180, 255, 180# 180, 180, 180, 255, 180# 180, 180, 180, 255, 180# 0, 0, 0, 255, 0# 0, 0, 0, 255, 0# 0, 0, 0, 0, 0# 0, 0, 0, 255, 0# 0, 0, 0, 255, 0# 0, 0, 0, 255, 0 
0, 0, 0, 0, 0# 0, 0, 0, 0, 0# 0, 0, 0, 255, 0# 0, 0, 0, 255, 0# 0, 0, 0, 255, 0# 0, 0, 0, 255, 0# 0, 0, 0, 255, 0# 0, 0, 0, 255, 0# 180, 180, 180, 255, 180# 180, 180, 180, 255, 180# 0, 0, 0, 255, 0# 0, 0, 0, 255, 0# 180, 180, 180, 255, 180# 0, 0, 0, 255, 0# 180, 180, 180, 255, 180# 0, 0, 0, 255, 0# 180, 180, 180, 255, 180# 180, 180, 180, 255, 180# 0, 0, 0, 255, 0# 0, 0, 0, 255, 0# 0, 0, 0, 0, 0# 0, 0, 0, 255, 0# 0, 0, 0, 255, 0# 180, 180, 180, 255, 180# 0, 0, 0, 255, 0 
0, 0, 0, 0, 0# 0, 0, 0, 0, 0# 0, 0, 0, 0, 0# 0, 0, 0, 0, 0# 0, 0, 0, 0, 0# 0, 0, 0, 0, 0# 0, 0, 0, 255, 0# 180, 180, 180, 255, 180# 0, 0, 0, 255, 0# 0, 0, 0, 255, 0# 0, 0, 0, 255, 0# 180, 180, 180, 255, 180# 180, 180, 180, 255, 180# 0, 0, 0, 255, 0# 180, 180, 180, 255, 180# 0, 0, 0, 255, 0# 0, 0, 0, 255, 0# 0, 0, 0, 255, 0# 0, 0, 0, 255, 0# 0, 0, 0, 255, 0# 0, 0, 0, 0, 0# 0, 0, 0, 255, 0# 180, 180, 180, 255, 180# 180, 180, 180, 255, 180# 0, 0, 0, 255, 0 
0, 0, 0, 0, 0# 0, 0, 0, 0, 0# 0, 0, 0, 0, 0# 0, 0, 0, 0, 0# 0, 0, 0, 0, 0# 0, 0, 0, 0, 0# 0, 0, 0, 255, 0# 180, 180, 180, 255, 180# 0, 0, 0, 255, 0# 0, 0, 0, 255, 0# 180, 180, 180, 255, 180# 180, 180, 180, 255, 180# 180, 180, 180, 255, 180# 0, 0, 0, 255, 0# 0, 0, 0, 255, 0# 0, 0, 0, 255, 0# 0, 0, 0, 255, 0# 180, 180, 180, 255, 180# 180, 180, 180, 255, 180# 0, 0, 0, 255, 0# 0, 0, 0, 255, 0# 0, 0, 0, 255, 0# 180, 180, 180, 255, 180# 180, 180, 180, 255, 180# 0, 0, 0, 255, 0 
0, 0, 0, 0, 0# 0, 0, 0, 0, 0# 0, 0, 0, 0, 0# 0, 0, 0, 0, 0# 0, 0, 0, 0, 0# 0, 0, 0, 0, 0# 0, 0, 0, 255, 0# 180, 180, 180, 255, 180# 180, 180, 180, 255, 180# 180, 180, 180, 255, 180# 180, 180, 180, 255, 180# 180, 180, 180, 255, 180# 180, 180, 180, 255, 180# 180, 180, 180, 255, 180# 180, 180, 180, 255, 180# 180, 180, 180, 255, 180# 180, 180, 180, 255, 180# 180, 180, 180, 255, 180# 180, 180, 180, 255, 180# 180, 180, 180, 255, 180# 180, 180, 180, 255, 180# 180, 180, 180, 255, 180# 180, 180, 180, 255, 180# 180, 180, 180, 255, 180# 0, 0, 0, 255, 0 
0, 0, 0, 0, 0# 0, 0, 0, 0, 0# 0, 0, 0, 0, 0# 0, 0, 0, 0, 0# 0, 0, 0, 0, 0# 0, 0, 0, 0, 0# 0, 0, 0, 255, 0# 0, 0, 0, 255, 0# 180, 180, 180, 255, 180# 180, 180, 180, 255, 180# 180, 180, 180, 255, 180# 180, 180, 180, 255, 180# 180, 180, 180, 255, 180# 180, 180, 180, 255, 180# 180, 180, 180, 255, 180# 180, 180, 180, 255, 180# 180, 180, 180, 255, 180# 180, 180, 180, 255, 180# 180, 180, 180, 255, 180# 180, 180, 180, 255, 180# 180, 180, 180, 255, 180# 0, 0, 0, 255, 0# 0, 0, 0, 255, 0# 0, 0, 0, 255, 0# 0, 0, 0, 255, 0 
0, 0, 0, 0, 0# 0, 0, 0, 0, 0# 0, 0, 0, 0, 0# 0, 0, 0, 0, 0# 0, 0, 0, 0, 0# 0, 0, 0, 0, 0# 0, 0, 0, 0, 0# 0, 0, 0, 255, 0# 180, 180, 180, 255, 180# 180, 180, 180, 255, 180# 180, 180, 180, 255, 180# 180, 180, 180, 255, 180# 180, 180, 180, 255, 180# 180, 180, 180, 255, 180# 0, 0, 0, 255, 0# 180, 180, 180, 255, 180# 180, 180, 180, 255, 180# 180, 180, 180, 255, 180# 180, 180, 180, 255, 180# 0, 0, 0, 255, 0# 0, 0, 0, 255, 0# 0, 0, 0, 255, 0# 0, 0, 0, 0, 0# 0, 0, 0, 255, 0# 0, 0, 0, 0, 0 
0, 0, 0, 0, 0# 0, 0, 0, 0, 0# 0, 0, 0, 0, 0# 0, 0, 0, 0, 0# 0, 0, 0, 0, 0# 0, 0, 0, 0, 0# 0, 0, 0, 0, 0# 0, 0, 0, 255, 0# 180, 180, 180, 255, 180# 180, 180, 180, 255, 180# 180, 180, 180, 255, 180# 180, 180, 180, 255, 180# 180, 180, 180, 255, 180# 180, 180, 180, 255, 180# 0, 0, 0, 255, 0# 180, 180, 180, 255, 180# 180, 180, 180, 255, 180# 180, 180, 180, 255, 180# 180, 180, 180, 255, 180# 0, 0, 0, 255, 0# 0, 0, 0, 255, 0# 0, 0, 0, 0, 0# 0, 0, 0, 0, 0# 0, 0, 0, 0, 0# 0, 0, 0, 0, 0 
0, 0, 0, 0, 0# 0, 0, 0, 0, 0# 0, 0, 0, 0, 0# 0, 0, 0, 0, 0# 0, 0, 0, 0, 0# 0, 0, 0, 0, 0# 0, 0, 0, 0, 0# 0, 0, 0, 255, 0# 0, 0, 0, 255, 0# 180, 180, 180, 255, 180# 180, 180, 180, 255, 180# 180, 180, 180, 255, 180# 180, 180, 180, 255, 180# 180, 180, 180, 255, 180# 0, 0, 0, 255, 0# 180, 180, 180, 255, 180# 180, 180, 180, 255, 180# 180, 180, 180, 255, 180# 180, 180, 180, 255, 180# 0, 0, 0, 255, 0# 0, 0, 0, 0, 0# 0, 0, 0, 0, 0# 0, 0, 0, 0, 0# 0, 0, 0, 0, 0# 0, 0, 0, 0, 0 
0, 0, 0, 0, 0# 0, 0, 0, 0, 0# 0, 0, 0, 0, 0# 0, 0, 0, 0, 0# 0, 0, 0, 0, 0# 0, 0, 0, 0, 0# 0, 0, 0, 0, 0# 0, 0, 0, 255, 0# 0, 0, 0, 255, 0# 0, 0, 0, 255, 0# 180, 180, 180, 255, 180# 180, 180, 180, 255, 180# 180, 180, 180, 255, 180# 180, 180, 180, 255, 180# 0, 0, 0, 255, 0# 0, 0, 0, 255, 0# 180, 180, 180, 255, 180# 180, 180, 180, 255, 180# 180, 180, 180, 255, 180# 0, 0, 0, 255, 0# 0, 0, 0, 0, 0# 0, 0, 0, 0, 0# 0, 0, 0, 0, 0# 0, 0, 0, 0, 0# 0, 0, 0, 0, 0 
0, 0, 0, 0, 0# 0, 0, 0, 0, 0# 0, 0, 0, 0, 0# 0, 0, 0, 0, 0# 0, 0, 0, 0, 0# 0, 0, 0, 0, 0# 0, 0, 0, 0, 0# 0, 0, 0, 255, 0# 70, 70, 70, 255, 70# 0, 0, 0, 255, 0# 0, 0, 0, 255, 0# 0, 0, 0, 255, 0# 0, 0, 0, 255, 0# 0, 0, 0, 255, 0# 0, 0, 0, 255, 0# 0, 0, 0, 255, 0# 70, 70, 70, 255, 70# 70, 70, 70, 255, 70# 180, 180, 180, 255, 180# 0, 0, 0, 255, 0# 0, 0, 0, 255, 0# 0, 0, 0, 0, 0# 0, 0, 0, 0, 0# 0, 0, 0, 0, 0# 0, 0, 0, 0, 0 
0, 0, 0, 0, 0# 0, 0, 0, 0, 0# 0, 0, 0, 0, 0# 0, 0, 0, 0, 0# 0, 0, 0, 0, 0# 0, 0, 0, 0, 0# 0, 0, 0, 255, 0# 0, 0, 0, 255, 0# 70, 70, 70, 255, 70# 70, 70, 70, 255, 70# 70, 70, 70, 255, 70# 0, 0, 0, 255, 0# 0, 0, 0, 0, 0# 0, 0, 0, 0, 0# 0, 0, 0, 0, 0# 0, 0, 0, 255, 0# 156, 90, 60, 255, 102# 70, 70, 70, 255, 70# 70, 70, 70, 255, 70# 70, 70, 70, 255, 70# 0, 0, 0, 255, 0# 0, 0, 0, 0, 0# 0, 0, 0, 0, 0# 0, 0, 0, 0, 0# 0, 0, 0, 0, 0 
0, 0, 0, 0, 0# 0, 0, 0, 0, 0# 0, 0, 0, 0, 0# 0, 0, 0, 0, 0# 0, 0, 0, 0, 0# 0, 0, 0, 0, 0# 0, 0, 0, 255, 0# 156, 90, 60, 255, 102# 70, 70, 70, 255, 70# 180, 180, 180, 255, 180# 180, 180, 180, 255, 180# 0, 0, 0, 255, 0# 0, 0, 0, 0, 0# 0, 0, 0, 0, 0# 0, 0, 0, 0, 0# 0, 0, 0, 255, 0# 156, 90, 60, 255, 102# 70, 70, 70, 255, 70# 180, 180, 180, 255, 180# 180, 180, 180, 255, 180# 0, 0, 0, 255, 0# 0, 0, 0, 0, 0# 0, 0, 0, 0, 0# 0, 0, 0, 0, 0# 0, 0, 0, 0, 0 
0, 0, 0, 0, 0# 0, 0, 0, 0, 0# 0, 0, 0, 0, 0# 0, 0, 0, 0, 0# 0, 0, 0, 0, 0# 0, 0, 0, 0, 0# 0, 0, 0, 255, 0# 156, 90, 60, 255, 102# 70, 70, 70, 255, 70# 180, 180, 180, 255, 180# 180, 180, 180, 255, 180# 0, 0, 0, 255, 0# 0, 0, 0, 0, 0# 0, 0, 0, 0, 0# 0, 0, 0, 0, 0# 0, 0, 0, 255, 0# 70, 70, 70, 255, 70# 70, 70, 70, 255, 70# 180, 180, 180, 255, 180# 0, 0, 0, 255, 0# 0, 0, 0, 0, 0# 0, 0, 0, 0, 0# 0, 0, 0, 0, 0# 0, 0, 0, 0, 0# 0, 0, 0, 0, 0 
0, 0, 0, 0, 0# 0, 0, 0, 0, 0# 0, 0, 0, 0, 0# 0, 0, 0, 0, 0# 0, 0, 0, 0, 0# 0, 0, 0, 255, 0# 0, 0, 0, 255, 0# 70, 70, 70, 255, 70# 70, 70, 70, 255, 70# 180, 180, 180, 255, 180# 180, 180, 180, 255, 180# 0, 0, 0, 255, 0# 0, 0, 0, 0, 0# 0, 0, 0, 0, 0# 0, 0, 0, 0, 0# 0, 0, 0, 255, 0# 180, 180, 180, 255, 180# 180, 180, 180, 255, 180# 180, 180, 180, 255, 180# 0, 0, 0, 255, 0# 0, 0, 0, 0, 0# 0, 0, 0, 0, 0# 0, 0, 0, 0, 0# 0, 0, 0, 0, 0# 0, 0, 0, 0, 0 
0, 0, 0, 0, 0# 0, 0, 0, 0, 0# 0, 0, 0, 0, 0# 0, 0, 0, 0, 0# 0, 0, 0, 0, 0# 0, 0, 0, 255, 0# 180, 180, 180, 255, 180# 180, 180, 180, 255, 180# 180, 180, 180, 255, 180# 180, 180, 180, 255, 180# 180, 180, 180, 255, 180# 0, 0, 0, 255, 0# 0, 0, 0, 0, 0# 0, 0, 0, 0, 0# 0, 0, 0, 255, 0# 0, 0, 0, 255, 0# 180, 180, 180, 255, 180# 180, 180, 180, 255, 180# 0, 0, 0, 255, 0# 0, 0, 0, 255, 0# 0, 0, 0, 0, 0# 0, 0, 0, 0, 0# 0, 0, 0, 0, 0# 0, 0, 0, 0, 0# 0, 0, 0, 0, 0 
0, 0, 0, 0, 0# 0, 0, 0, 0, 0# 0, 0, 0, 0, 0# 0, 0, 0, 0, 0# 0, 0, 0, 255, 0# 0, 0, 0, 255, 0# 180, 180, 180, 255, 180# 180, 180, 180, 255, 180# 180, 180, 180, 255, 180# 180, 180, 180, 255, 180# 0, 0, 0, 255, 0# 0, 0, 0, 0, 0# 0, 0, 0, 0, 0# 0, 0, 0, 255, 0# 0, 0, 0, 255, 0# 180, 180, 180, 255, 180# 180, 180, 180, 255, 180# 180, 180, 180, 255, 180# 0, 0, 0, 255, 0# 0, 0, 0, 0, 0# 0, 0, 0, 0, 0# 0, 0, 0, 0, 0# 0, 0, 0, 0, 0# 0, 0, 0, 0, 0# 0, 0, 0, 0, 0 
0, 0, 0, 0, 0# 0, 0, 0, 0, 0# 0, 0, 0, 0, 0# 0, 0, 0, 0, 0# 0, 0, 0, 255, 0# 0, 0, 0, 255, 0# 0, 0, 0, 255, 0# 0, 0, 0, 255, 0# 0, 0, 0, 255, 0# 0, 0, 0, 255, 0# 0, 0, 0, 255, 0# 0, 0, 0, 0, 0# 0, 0, 0, 255, 0# 0, 0, 0, 255, 0# 0, 0, 0, 255, 0# 0, 0, 0, 255, 0# 0, 0, 0, 255, 0# 0, 0, 0, 255, 0# 0, 0, 0, 255, 0# 0, 0, 0, 0, 0# 0, 0, 0, 0, 0# 0, 0, 0, 0, 0# 0, 0, 0, 0, 0# 0, 0, 0, 0, 0# 0, 0, 0, 0, 0 
