0, 0, 0, 0, 0# 0, 0, 0, 0, 0# 0, 0, 0, 0, 0# 0, 0, 0, 0, 0# 0, 0, 0, 0, 0# 0, 0, 0, 0, 0# 0, 0, 0, 0, 0# 0, 0, 0, 0, 0# 0, 0, 0, 0, 0# 0, 0, 0, 0, 0# 0, 0, 0, 0, 0# 0, 0, 0, 0, 0# 0, 0, 0, 0, 0# 0, 0, 0, 0, 0# 0, 0, 0, 0, 0# 0, 0, 0, 0, 0# 0, 0, 0, 0, 0# 0, 0, 0, 0, 0# 0, 0, 0, 0, 0# 0, 0, 0, 0, 0# 0, 0, 0, 0, 0# 0, 0, 0, 0, 0# 0, 0, 0, 0, 0# 0, 0, 0, 0, 0# 0, 0, 0, 0, 0 
0, 0, 0, 0, 0# 0, 0, 0, 0, 0# 0, 0, 0, 0, 0# 0, 0, 0, 0, 0# 0, 0, 0, 0, 0# 0, 0, 0, 0, 0# 0, 0, 0, 0, 0# 0, 0, 0, 0, 0# 0, 0, 0, 0, 0# 0, 0, 0, 0, 0# 0, 0, 0, 0, 0# 0, 0, 0, 0, 0# 0, 0, 0, 0, 0# 0, 0, 0, 0, 0# 0, 0, 0, 0, 0# 0, 0, 0, 0, 0# 0, 0, 0, 0, 0# 0, 0, 0, 0, 0# 0, 0, 0, 0, 0# 0, 0, 0, 0, 0# 0, 0, 0, 0, 0# 0, 0, 0, 0, 0# 0, 0, 0, 0, 0# 0, 0, 0, 0, 0# 0, 0, 0, 0, 0 
0, 0, 0, 0, 0# 0, 0, 0, 0, 0# 0, 0, 0, 0, 0# 0, 0, 0, 0, 0# 0, 0, 0, 0, 0# 0, 0, 0, 0, 0# 0, 0, 0, 0, 0# 0, 0, 0, 0, 0# 0, 0, 0, 0, 0# 0, 0, 0, 0, 0# 0, 0, 0, 0, 0# 0, 0, 0, 0, 0# 0, 0, 0, 0, 0# 0, 0, 0, 0, 0# 0, 0, 0, 0, 0# 0, 0, 0, 0, 0# 0, 0, 0, 0, 0# 0, 0, 0, 0, 0# 0, 0, 0, 0, 0# 0, 0, 0, 0, 0# 0, 0, 0, 0, 0# 0, 0, 0, 0, 0# 0, 0, 0, 0, 0# 0, 0, 0, 0, 0# 0, 0, 0, 0, 0 
0, 0, 0, 0, 0# 0, 0, 0, 0, 0# 0, 0, 0, 0, 0# 0, 0, 0, 0, 0# 0, 0, 0, 0, 0# 0, 0, 0, 0, 0# 0, 0, 0, 0, 0# 0, 0, 0, 0, 0# 0, 0, 0, 0, 0# 0, 0, 0, 0, 0# 0, 0, 0, 0, 0# 0, 0, 0, 0, 0# 0, 0, 0, 0, 0# 0, 0, 0, 0, 0# 0, 0, 0, 0, 0# 0, 0, 0, 0, 0# 0, 0, 0, 0, 0# 0, 0, 0, 0, 0# 0, 0, 0, 0, 0# 0, 0, 0, 0, 0# 0, 0, 0, 0, 0# 0, 0, 0, 0, 0# 0, 0, 0, 0, 0# 0, 0, 0, 0, 0# 0, 0, 0, 0, 0 
0, 0, 0, 0, 0# 0, 0, 0, 0, 0# 0, 0, 0, 0, 0# 0, 0, 0, 0, 0# 0, 0, 0, 0, 0# 0, 0, 0, 0, 0# 0, 0, 0, 0, 0# 0, 0, 0, 0, 0# 0, 0, 0, 0, 0# 0, 0, 0, 0, 0# 0, 0, 0, 0, 0# 0, 0, 0, 0, 0# 0, 0, 0, 0, 0# 0, 0, 0, 0, 0# 0, 0, 0, 0, 0# 0, 0, 0, 0, 0# 0, 0, 0, 0, 0# 0, 0, 0, 0, 0# 0, 0, 0, 0, 0# 0, 0, 0, 0, 0# 0, 0, 0, 0, 0# 0, 0, 0, 0, 0# 0, 0, 0, 0, 0# 0, 0, 0, 0, 0# 0, 0, 0, 0, 0 
0, 0, 0, 0, 0# 0, 0, 0, 0, 0# 0, 0, 0, 0, 0# 0, 0, 0, 0, 0# 0, 0, 0, 0, 0# 0, 0, 0, 0, 0# 0, 0, 0, 0, 0# 0, 0, 0, 0, 0# 0, 0, 0, 0, 0# 0, 0, 0, 0, 0# 0, 0, 0, 0, 0# 0, 0, 0, 0, 0# 0, 0, 0, 0, 0# 0, 0, 0, 0, 0# 0, 0, 0, 0, 0# 0, 0, 0, 0, 0# 0, 0, 0, 0, 0# 0, 0, 0, 0, 0# 0, 0, 0, 0, 0# 0, 0, 0, 0, 0# 0, 0, 0, 0, 0# 0, 0, 0, 0, 0# 0, 0, 0, 0, 0# 0, 0, 0, 0, 0# 0, 0, 0, 0, 0 
0, 0, 0, 0, 0# 0, 0, 0, 0, 0# 0, 0, 0, 0, 0# 0, 0, 0, 0, 0# 0, 0, 0, 0, 0# 0, 0, 0, 0, 0# 0, 0, 0, 0, 0# 0, 0, 0, 0, 0# 0, 0, 0, 0, 0# 0, 0, 0, 0, 0# 0, 0, 0, 0, 0# 0, 0, 0, 0, 0# 0, 0, 0, 0, 0# 0, 0, 0, 0, 0# 0, 0, 0, 0, 0# 0, 0, 0, 0, 0# 0, 0, 0, 0, 0# 0, 0, 0, 0, 0# 0, 0, 0, 0, 0# 0, 0, 0, 0, 0# 0, 0, 0, 0, 0# 0, 0, 0, 0, 0# 0, 0, 0, 0, 0# 0, 0, 0, 0, 0# 0, 0, 0, 0, 0 
0, 0, 0, 0, 0# 0, 0, 0, 0, 0# 0, 0, 0, 0, 0# 0, 0, 0, 0, 0# 0, 0, 0, 0, 0# 0, 0, 0, 0, 0# 0, 0, 0, 0, 0# 0, 0, 0, 0, 0# 0, 0, 0, 0, 0# 0, 0, 0, 0, 0# 0, 0, 0, 0, 0# 0, 0, 0, 0, 0# 0, 0, 0, 0, 0# 0, 0, 0, 0, 0# 0, 0, 0, 0, 0# 0, 0, 0, 0, 0# 0, 0, 0, 0, 0# 0, 0, 0, 0, 0# 0, 0, 0, 0, 0# 0, 0, 0, 0, 0# 0, 0, 0, 0, 0# 0, 0, 0, 0, 0# 0, 0, 0, 0, 0# 0, 0, 0, 0, 0# 0, 0, 0, 0, 0 
0, 0, 0, 0, 0# 0, 0, 0, 0, 0# 0, 0, 0, 0, 0# 0, 0, 0, 0, 0# 0, 0, 0, 0, 0# 0, 0, 0, 0, 0# 0, 0, 0, 0, 0# 0, 0, 0, 0, 0# 0, 0, 0, 0, 0# 0, 0, 0, 0, 0# 0, 0, 0, 0, 0# 0, 0, 0, 0, 0# 0, 0, 0, 0, 0# 0, 0, 0, 0, 0# 0, 0, 0, 0, 0# 0, 0, 0, 0, 0# 0, 0, 0, 0, 0# 0, 0, 0, 0, 0# 0, 0, 0, 0, 0# 0, 0, 0, 0, 0# 0, 0, 0, 0, 0# 0, 0, 0, 0, 0# 0, 0, 0, 0, 0# 0, 0, 0, 0, 0# 0, 0, 0, 0, 0 
0, 0, 0, 0, 0# 0, 0, 0, 0, 0# 0, 0, 0, 0, 0# 0, 0, 0, 0, 0# 0, 0, 0, 0, 0# 0, 0, 0, 0, 0# 0, 0, 0, 0, 0# 0, 0, 0, 0, 0# 0, 0, 0, 0, 0# 0, 0, 0, 0, 0# 0, 0, 0, 0, 0# 0, 0, 0, 0, 0# 0, 0, 0, 0, 0# 0, 0, 0, 0, 0# 0, 0, 0, 0, 0# 0, 0, 0, 0, 0# 0, 0, 0, 0, 0# 0, 0, 0, 0, 0# 0, 0, 0, 0, 0# 0, 0, 0, 0, 0# 0, 0, 0, 0, 0# 0, 0, 0, 0, 0# 0, 0, 0, 0, 0# 0, 0, 0, 0, 0# 0, 0, 0, 0, 0 
0, 0, 0, 0, 0# 0, 0, 0, 0, 0# 0, 0, 0, 0, 0# 0, 0, 0, 0, 0# 0, 0, 0, 0, 0# 0, 0, 0, 0, 0# 0, 0, 0, 0, 0# 0, 0, 0, 0, 0# 0, 0, 0, 0, 0# 0, 0, 0, 0, 0# 0, 0, 0, 0, 0# 0, 0, 0, 0, 0# 0, 0, 0, 0, 0# 0, 0, 0, 0, 0# 0, 0, 0, 0, 0# 0, 0, 0, 0, 0# 0, 0, 0, 0, 0# 0, 0, 0, 0, 0# 0, 0, 0, 0, 0# 0, 0, 0, 0, 0# 0, 0, 0, 0, 0# 0, 0, 0, 0, 0# 0, 0, 0, 0, 0# 0, 0, 0, 0, 0# 0, 0, 0, 0, 0 
0, 0, 0, 0, 0# 0, 0, 0, 0, 0# 0, 0, 0, 0, 0# 0, 0, 0, 0, 0# 0, 0, 0, 0, 0# 0, 0, 0, 0, 0# 0, 0, 0, 0, 0# 0, 0, 0, 0, 0# 0, 0, 0, 0, 0# 0, 0, 0, 0, 0# 0, 0, 0, 0, 0# 0, 0, 0, 0, 0# 0, 0, 0, 0, 0# 0, 0, 0, 255, 0# 0, 0, 0, 255, 0# 0, 0, 0, 255, 0# 0, 0, 0, 255, 0# 0, 0, 0, 255, 0# 0, 0, 0, 255, 0# 0, 0, 0, 0, 0# 0, 0, 0, 0, 0# 0, 0, 0, 0, 0# 0, 0, 0, 0, 0# 0, 0, 0, 0, 0# 0, 0, 0, 0, 0 
0, 0, 0, 0, 0# 0, 0, 0, 0, 0# 0, 0, 0, 0, 0# 0, 0, 0, 0, 0# 0, 0, 0, 0, 0# 0, 0, 0, 0, 0# 0, 0, 0, 0, 0# 0, 0, 0, 0, 0# 0, 0, 0, 0, 0# 0, 0, 0, 0, 0# 0, 0, 0, 0, 0# 0, 0, 0, 0, 0# 0, 0, 0, 255, 0# 0, 0, 0, 255, 0# 209, 153, 111, 255, 157# 0, 0, 0, 255, 0# 209, 153, 111, 255, 157# 0, 0, 0, 255, 0# 209, 153, 111, 255, 157# 0, 0, 0, 255, 0# 0, 0, 0, 0, 0# 0, 0, 0, 0, 0# 0, 0, 0, 0, 0# 0, 0, 0, 0, 0# 0, 0, 0, 0, 0 
0, 0, 0, 0, 0# 0, 0, 0, 0, 0# 0, 0, 0, 0, 0# 0, 0, 0, 0, 0# 0, 0, 0, 0, 0# 0, 0, 0, 0, 0# 0, 0, 0, 0, 0# 0, 0, 0, 0, 0# 0, 0, 0, 0, 0# 0, 0, 0, 0, 0# 0, 0, 0, 255, 0# 0, 0, 0, 255, 0# 0, 0, 0, 255, 0# 0, 0, 0, 255, 0# 245, 228, 156, 255, 209# 0, 0, 0, 255, 0# 245, 228, 156, 255, 209# 0, 0, 0, 255, 0# 245, 228, 156, 255, 209# 0, 0, 0, 255, 0# 0, 0, 0, 255, 0# 0, 0, 0, 255, 0# 0, 0, 0, 0, 0# 0, 0, 0, 0, 0# 0, 0, 0, 0, 0 
0, 0, 0, 0, 0# 0, 0, 0, 0, 0# 0, 0, 0, 0, 0# 0, 0, 0, 0, 0# 0, 0, 0, 0, 0# 0, 0, 0, 0, 0# 0, 0, 0, 0, 0# 0, 0, 0, 0, 0# 0, 0, 0, 0, 0# 0, 0, 0, 0, 0# 0, 0, 0, 255, 0# 209, 153, 111, 255, 157# 245, 228, 156, 255, 209# 0, 0, 0, 255, 0# 245, 228, 156, 255, 209# 0, 0, 0, 255, 0# 245, 228, 156, 255, 209# 237, 28, 36, 255, 100# 245, 228, 156, 255, 209# 0, 0, 0, 255, 0# 0, 0, 0, 255, 0# 0, 0, 0, 255, 0# 0, 0, 0, 255, 0# 0, 0, 0, 0, 0# 0, 0, 0, 0, 0 
0, 0, 0, 0, 0# 0, 0, 0, 0, 0# 0, 0, 0, 0, 0# 0, 0, 0, 0, 0# 0, 0, 0, 0, 0# 0, 0, 0, 0, 0# 0, 0, 0, 0, 0# 0, 0, 0, 0, 0# 0, 0, 0, 0, 0# 0, 0, 0, 255, 0# 0, 0, 0, 255, 0# 245, 228, 156, 255, 209# 229, 170, 122, 255, 173# 0, 0, 0, 255, 0# 245, 228, 156, 255, 209# 229, 170, 122, 255, 173# 229, 170, 122, 255, 173# 245, 228, 156, 255, 209# 237, 28, 36, 255, 100# 0, 0, 0, 255, 0# 209, 153, 111, 255, 157# 0, 0, 0, 255, 0# 209, 153, 111, 255, 157# 0, 0, 0, 255, 0# 0, 0, 0, 0, 0 
0, 0, 0, 0, 0# 0, 0, 0, 0, 0# 0, 0, 0, 0, 0# 0, 0, 0, 0, 0# 0, 0, 0, 0, 0# 0, 0, 0, 0, 0# 0, 0, 0, 0, 0# 0, 0, 0, 0, 0# 0, 0, 0, 255, 0# 0, 0, 0, 255, 0# 209, 153, 111, 255, 157# 245, 228, 156, 255, 209# 245, 228, 156, 255, 209# 245, 228, 156, 255, 209# 245, 228, 156, 255, 209# 245, 228, 156, 255, 209# 245, 228, 156, 255, 209# 245, 228, 156, 255, 209# 245, 228, 156, 255, 209# 237, 28, 36, 255, 100# 245, 228, 156, 255, 209# 245, 228, 156, 255, 209# 209, 153, 111, 255, 157# 0, 0, 0, 255, 0# 0, 0, 0, 0, 0 
0, 0, 0, 0, 0# 0, 0, 0, 0, 0# 0, 0, 0, 0, 0# 0, 0, 0, 0, 0# 0, 0, 0, 0, 0# 0, 0, 0, 0, 0# 0, 0, 0, 0, 0# 0, 0, 0, 0, 0# 0, 0, 0, 255, 0# 209, 153, 111, 255, 157# 245, 228, 156, 255, 209# 229, 170, 122, 255, 173# 229, 170, 122, 255, 173# 229, 170, 122, 255, 173# 245, 228, 156, 255, 209# 229, 170, 122, 255, 173# 229, 170, 122, 255, 173# 229, 170, 122, 255, 173# 245, 228, 156, 255, 209# 245, 228, 156, 255, 209# 229, 170, 122, 255, 173# 245, 228, 156, 255, 209# 209, 153, 111, 255, 157# 0, 0, 0, 255, 0# 0, 0, 0, 0, 0 
0, 0, 0, 0, 0# 0, 0, 0, 0, 0# 0, 0, 0, 0, 0# 0, 0, 0, 0, 0# 0, 0, 0, 0, 0# 0, 0, 0, 0, 0# 0, 0, 0, 0, 0# 0, 0, 0, 0, 0# 0, 0, 0, 255, 0# 209, 153, 111, 255, 157# 245, 228, 156, 255, 209# 245, 228, 156, 255, 209# 245, 228, 156, 255, 209# 245, 228, 156, 255, 209# 245, 228, 156, 255, 209# 245, 228, 156, 255, 209# 245, 228, 156, 255, 209# 245, 228, 156, 255, 209# 245, 228, 156, 255, 209# 245, 228, 156, 255, 209# 229, 170, 122, 255, 173# 245, 228, 156, 255, 209# 184, 134, 99, 255, 139# 0, 0, 0, 255, 0# 0, 0, 0, 0, 0 
0, 0, 0, 0, 0# 0, 0, 0, 0, 0# 0, 0, 0, 0, 0# 0, 0, 0, 0, 0# 0, 0, 0, 0, 0# 0, 0, 0, 0, 0# 0, 0, 0, 0, 0# 0, 0, 0, 0, 0# 0, 0, 0, 255, 0# 0, 0, 0, 255, 0# 0, 0, 0, 255, 0# 0, 0, 0, 255, 0# 245, 228, 156, 255, 209# 245, 228, 156, 255, 209# 245, 228, 156, 255, 209# 245, 228, 156, 255, 209# 0, 0, 0, 255, 0# 0, 0, 0, 255, 0# 0, 0, 0, 255, 0# 245, 228, 156, 255, 209# 245, 228, 156, 255, 209# 0, 0, 0, 255, 0# 184, 134, 99, 255, 139# 0, 0, 0, 255, 0# 0, 0, 0, 0, 0 
0, 0, 0, 0, 0# 0, 0, 0, 0, 0# 0, 0, 0, 0, 0# 0, 0, 0, 0, 0# 0, 0, 0, 0, 0# 0, 0, 0, 0, 0# 0, 0, 0, 0, 0# 0, 0, 0, 0, 0# 0, 0, 0, 0, 0# 0, 0, 0, 255, 0# 255, 255, 255, 255, 255# 211, 249, 188, 255, 216# 0, 0, 0, 255, 0# 0, 0, 0, 255, 0# 0, 0, 0, 255, 0# 0, 0, 0, 255, 0# 255, 255, 255, 255, 255# 211, 249, 188, 255, 216# 211, 249, 188, 255, 216# 0, 0, 0, 255, 0# 245, 228, 156, 255, 209# 245, 228, 156, 255, 209# 0, 0, 0, 255, 0# 0, 0, 0, 255, 0# 0, 0, 0, 0, 0 
0, 0, 0, 0, 0# 0, 0, 0, 0, 0# 0, 0, 0, 0, 0# 0, 0, 0, 0, 0# 0, 0, 0, 0, 0# 0, 0, 0, 0, 0# 0, 0, 0, 0, 0# 0, 0, 0, 0, 0# 0, 0, 0, 0, 0# 0, 0, 0, 255, 0# 211, 249, 188, 255, 216# 211, 249, 188, 255, 216# 0, 0, 0, 255, 0# 245, 228, 156, 255, 209# 0, 0, 0, 255, 0# 245, 228, 156, 255, 209# 211, 249, 188, 255, 216# 211, 249, 188, 255, 216# 211, 249, 188, 255, 216# 0, 0, 0, 255, 0# 0, 0, 0, 255, 0# 245, 228, 156, 255, 209# 0, 0, 0, 255, 0# 0, 0, 0, 255, 0# 0, 0, 0, 0, 0 
0, 0, 0, 0, 0# 0, 0, 0, 0, 0# 0, 0, 0, 0, 0# 0, 0, 0, 0, 0# 0, 0, 0, 0, 0# 0, 0, 0, 0, 0# 0, 0, 0, 0, 0# 0, 0, 0, 0, 0# 0, 0, 0, 255, 0# 209, 153, 111, 255, 157# 0, 0, 0, 255, 0# 0, 0, 0, 255, 0# 245, 228, 156, 255, 209# 245, 228, 156, 255, 209# 0, 0, 0, 255, 0# 245, 228, 156, 255, 209# 0, 0, 0, 255, 0# 0, 0, 0, 255, 0# 0, 0, 0, 255, 0# 245, 228, 156, 255, 209# 245, 228, 156, 255, 209# 245, 228, 156, 255, 209# 0, 0, 0, 255, 0# 0, 0, 0, 255, 0# 0, 0, 0, 0, 0 
0, 0, 0, 0, 0# 0, 0, 0, 0, 0# 0, 0, 0, 0, 0# 0, 0, 0, 0, 0# 0, 0, 0, 0, 0# 0, 0, 0, 0, 0# 0, 0, 0, 0, 0# 0, 0, 0, 0, 0# 0, 0, 0, 255, 0# 0, 0, 0, 255, 0# 209, 153, 111, 255, 157# 245, 228, 156, 255, 209# 184, 134, 99, 255, 139# 184, 134, 99, 255, 139# 0, 0, 0, 255, 0# 245, 228, 156, 255, 209# 245, 228, 156, 255, 209# 245, 228, 156, 255, 209# 237, 28, 36, 255, 100# 245, 228, 156, 255, 209# 245, 228, 156, 255, 209# 0, 0, 0, 255, 0# 184, 134, 99, 255, 139# 0, 0, 0, 255, 0# 0, 0, 0, 0, 0 
0, 0, 0, 0, 0# 0, 0, 0, 0, 0# 0, 0, 0, 0, 0# 0, 0, 0, 0, 0# 0, 0, 0, 0, 0# 0, 0, 0, 0, 0# 0, 0, 0, 0, 0# 0, 0, 0, 0, 0# 0, 0, 0, 0, 0# 0, 0, 0, 255, 0# 209, 153, 111, 255, 157# 245, 228, 156, 255, 209# 245, 228, 156, 255, 209# 245, 228, 156, 255, 209# 0, 0, 0, 255, 0# 245, 228, 156, 255, 209# 184, 134, 99, 255, 139# 184, 134, 99, 255, 139# 237, 28, 36, 255, 100# 245, 228, 156, 255, 209# 229, 170, 122, 255, 173# 209, 153, 111, 255, 157# 184, 134, 99, 255, 139# 0, 0, 0, 255, 0# 0, 0, 0, 0, 0 
0, 0, 0, 0, 0# 0, 0, 0, 0, 0# 0, 0, 0, 0, 0# 0, 0, 0, 0, 0# 0, 0, 0, 0, 0# 0, 0, 0, 0, 0# 0, 0, 0, 0, 0# 0, 0, 0, 0, 0# 0, 0, 0, 0, 0# 0, 0, 0, 0, 0# 0, 0, 0, 255, 0# 245, 228, 156, 255, 209# 245, 228, 156, 255, 209# 245, 228, 156, 255, 209# 0, 0, 0, 255, 0# 0, 0, 0, 255, 0# 245, 228, 156, 255, 209# 245, 228, 156, 255, 209# 245, 228, 156, 255, 209# 229, 170, 122, 255, 173# 229, 170, 122, 255, 173# 184, 134, 99, 255, 139# 0, 0, 0, 255, 0# 0, 0, 0, 255, 0# 0, 0, 0, 0, 0 
0, 0, 0, 0, 0# 0, 0, 0, 0, 0# 0, 0, 0, 0, 0# 0, 0, 0, 0, 0# 0, 0, 0, 0, 0# 0, 0, 0, 0, 0# 0, 0, 0, 0, 0# 0, 0, 0, 0, 0# 0, 0, 0, 0, 0# 0, 0, 0, 0, 0# 0, 0, 0, 255, 0# 245, 228, 156, 255, 209# 245, 228, 156, 255, 209# 245, 228, 156, 255, 209# 245, 228, 156, 255, 209# 245, 228, 156, 255, 209# 245, 228, 156, 255, 209# 245, 228, 156, 255, 209# 245, 228, 156, 255, 209# 229, 170, 122, 255, 173# 184, 134, 99, 255, 139# 0, 0, 0, 255, 0# 0, 0, 0, 255, 0# 0, 0, 0, 0, 0# 0, 0, 0, 0, 0 
0, 0, 0, 0, 0# 0, 0, 0, 0, 0# 0, 0, 0, 0, 0# 0, 0, 0, 0, 0# 0, 0, 0, 0, 0# 0, 0, 0, 0, 0# 0, 0, 0, 0, 0# 0, 0, 0, 0, 0# 0, 0, 0, 0, 0# 0, 0, 0, 0, 0# 0, 0, 0, 255, 0# 245, 228, 156, 255, 209# 245, 228, 156, 255, 209# 245, 228, 156, 255, 209# 0, 0, 0, 255, 0# 0, 0, 0, 255, 0# 0, 0, 0, 255, 0# 245, 228, 156, 255, 209# 245, 228, 156, 255, 209# 229, 170, 122, 255, 173# 0, 0, 0, 255, 0# 0, 0, 0, 255, 0# 0, 0, 0, 255, 0# 0, 0, 0, 0, 0# 0, 0, 0, 0, 0 
0, 0, 0, 0, 0# 0, 0, 0, 0, 0# 0, 0, 0, 0, 0# 0, 0, 0, 0, 0# 0, 0, 0, 0, 0# 0, 0, 0, 0, 0# 0, 0, 0, 0, 0# 0, 0, 0, 0, 0# 0, 0, 0, 0, 0# 0, 0, 0, 0, 0# 0, 0, 0, 0, 0# 0, 0, 0, 255, 0# 245, 228, 156, 255, 209# 0, 0, 0, 255, 0# 0, 0, 0, 255, 0# 245, 228, 156, 255, 209# 245, 228, 156, 255, 209# 237, 28, 36, 255, 100# 245, 228, 156, 255, 209# 209, 153, 111, 255, 157# 0, 0, 0, 255, 0# 13, 99, 37, 255, 49# 0, 0, 0, 255, 0# 0, 0, 0, 255, 0# 0, 0, 0, 0, 0 
0, 0, 0, 0, 0# 0, 0, 0, 0, 0# 0, 0, 0, 0, 0# 0, 0, 0, 0, 0# 0, 0, 0, 0, 0# 0, 0, 0, 0, 0# 0, 0, 0, 0, 0# 0, 0, 0, 0, 0# 0, 0, 0, 0, 0# 0, 0, 0, 0, 0# 0, 0, 0, 0, 0# 0, 0, 0, 255, 0# 0, 0, 0, 255, 0# 209, 153, 111, 255, 157# 209, 153, 111, 255, 157# 245, 228, 156, 255, 209# 245, 228, 156, 255, 209# 237, 28, 36, 255, 100# 209, 153, 111, 255, 157# 0, 0, 0, 255, 0# 0, 0, 0, 255, 0# 13, 99, 37, 255, 49# 0, 0, 0, 255, 0# 13, 99, 37, 255, 49# 0, 0, 0, 255, 0 
0, 0, 0, 0, 0# 0, 0, 0, 0, 0# 0, 0, 0, 0, 0# 0, 0, 0, 0, 0# 0, 0, 0, 0, 0# 0, 0, 0, 0, 0# 0, 0, 0, 0, 0# 0, 0, 0, 0, 0# 0, 0, 0, 0, 0# 0, 0, 0, 0, 0# 0, 0, 0, 0, 0# 0, 0, 0, 0, 0# 0, 0, 0, 0, 0# 0, 0, 0, 255, 0# 0, 0, 0, 255, 0# 0, 0, 0, 255, 0# 0, 0, 0, 255, 0# 0, 0, 0, 255, 0# 0, 0, 0, 255, 0# 0, 0, 0, 255, 0# 34, 177, 76, 255, 95# 13, 99, 37, 255, 49# 0, 0, 0, 255, 0# 13, 99, 37, 255, 49# 0, 0, 0, 255, 0 
0, 0, 0, 255, 0# 0, 0, 0, 255, 0# 0, 0, 0, 255, 0# 0, 0, 0, 0, 0# 0, 0, 0, 0, 0# 0, 0, 0, 0, 0# 0, 0, 0, 0, 0# 0, 0, 0, 0, 0# 0, 0, 0, 0, 0# 0, 0, 0, 0, 0# 0, 0, 0, 0, 0# 0, 0, 0, 0, 0# 0, 0, 0, 0, 0# 0, 0, 0, 0, 0# 0, 0, 0, 255, 0# 13, 99, 37, 255, 49# 13, 99, 37, 255, 49# 34, 177, 76, 255, 95# 13, 99, 37, 255, 49# 13, 99, 37, 255, 49# 34, 177, 76, 255, 95# 13, 99, 37, 255, 49# 0, 0, 0, 255, 0# 13, 99, 37, 255, 49# 0, 0, 0, 255, 0 
0, 0, 0, 255, 0# 117, 71, 52, 255, 80# 0, 0, 0, 255, 0# 0, 0, 0, 255, 0# 0, 0, 0, 0, 0# 0, 0, 0, 0, 0# 0, 0, 0, 0, 0# 0, 0, 0, 0, 0# 0, 0, 0, 0, 0# 0, 0, 0, 0, 0# 0, 0, 0, 0, 0# 0, 0, 0, 0, 0# 0, 0, 0, 255, 0# 0, 0, 0, 255, 0# 0, 0, 0, 255, 0# 34, 177, 76, 255, 95# 34, 177, 76, 255, 95# 34, 177, 76, 255, 95# 34, 177, 76, 255, 95# 0, 0, 0, 255, 0# 34, 177, 76, 255, 95# 34, 177, 76, 255, 95# 0, 0, 0, 255, 0# 13, 99, 37, 255, 49# 0, 0, 0, 255, 0 
0, 0, 0, 255, 0# 117, 71, 52, 255, 80# 156, 90, 60, 255, 102# 0, 0, 0, 255, 0# 0, 0, 0, 0, 0# 0, 0, 0, 0, 0# 0, 0, 0, 0, 0# 0, 0, 0, 0, 0# 0, 0, 0, 0, 0# 0, 0, 0, 0, 0# 0, 0, 0, 0, 0# 0, 0, 0, 255, 0# 0, 0, 0, 255, 0# 13, 99, 37, 255, 49# 13, 99, 37, 255, 49# 34, 177, 76, 255, 95# 34, 177, 76, 255, 95# 34, 177, 76, 255, 95# 34, 177, 76, 255, 95# 0, 0, 0, 255, 0# 34, 177, 76, 255, 95# 34, 177, 76, 255, 95# 0, 0, 0, 255, 0# 13, 99, 37, 255, 49# 0, 0, 0, 255, 0 
0, 0, 0, 255, 0# 117, 71, 52, 255, 80# 156, 90, 60, 255, 102# 0, 0, 0, 255, 0# 0, 0, 0, 255, 0# 0, 0, 0, 255, 0# 0, 0, 0, 255, 0# 0, 0, 0, 255, 0# 0, 0, 0, 255, 0# 0, 0, 0, 255, 0# 0, 0, 0, 255, 0# 13, 99, 37, 255, 49# 13, 99, 37, 255, 49# 34, 177, 76, 255, 95# 34, 177, 76, 255, 95# 34, 177, 76, 255, 95# 34, 177, 76, 255, 95# 34, 177, 76, 255, 95# 13, 99, 37, 255, 49# 0, 0, 0, 255, 0# 34, 177, 76, 255, 95# 34, 177, 76, 255, 95# 0, 0, 0, 255, 0# 13, 99, 37, 255, 49# 0, 0, 0, 255, 0 
0, 0, 0, 255, 0# 117, 71, 52, 255, 80# 156, 90, 60, 255, 102# 0, 0, 0, 255, 0# 13, 99, 37, 255, 49# 13, 99, 37, 255, 49# 13, 99, 37, 255, 49# 13, 99, 37, 255, 49# 13, 99, 37, 255, 49# 13, 99, 37, 255, 49# 13, 99, 37, 255, 49# 34, 177, 76, 255, 95# 34, 177, 76, 255, 95# 34, 177, 76, 255, 95# 34, 177, 76, 255, 95# 34, 177, 76, 255, 95# 34, 177, 76, 255, 95# 34, 177, 76, 255, 95# 13, 99, 37, 255, 49# 0, 0, 0, 255, 0# 34, 177, 76, 255, 95# 34, 177, 76, 255, 95# 0, 0, 0, 255, 0# 13, 99, 37, 255, 49# 0, 0, 0, 255, 0 
0, 0, 0, 255, 0# 117, 71, 52, 255, 80# 156, 90, 60, 255, 102# 0, 0, 0, 255, 0# 34, 177, 76, 255, 95# 34, 177, 76, 255, 95# 34, 177, 76, 255, 95# 34, 177, 76, 255, 95# 34, 177, 76, 255, 95# 34, 177, 76, 255, 95# 34, 177, 76, 255, 95# 34, 177, 76, 255, 95# 34, 177, 76, 255, 95# 34, 177, 76, 255, 95# 34, 177, 76, 255, 95# 34, 177, 76, 255, 95# 34, 177, 76, 255, 95# 34, 177, 76, 255, 95# 13, 99, 37, 255, 49# 0, 0, 0, 255, 0# 0, 0, 0, 255, 0# 0, 0, 0, 255, 0# 0, 0, 0, 255, 0# 13, 99, 37, 255, 49# 0, 0, 0, 255, 0 
0, 0, 0, 255, 0# 117, 71, 52, 255, 80# 156, 90, 60, 255, 102# 0, 0, 0, 255, 0# 34, 177, 76, 255, 95# 34, 177, 76, 255, 95# 34, 177, 76, 255, 95# 34, 177, 76, 255, 95# 34, 177, 76, 255, 95# 34, 177, 76, 255, 95# 34, 177, 76, 255, 95# 34, 177, 76, 255, 95# 34, 177, 76, 255, 95# 34, 177, 76, 255, 95# 34, 177, 76, 255, 95# 34, 177, 76, 255, 95# 34, 177, 76, 255, 95# 34, 177, 76, 255, 95# 0, 0, 0, 255, 0# 245, 228, 156, 255, 209# 245, 228, 156, 255, 209# 245, 228, 156, 255, 209# 245, 228, 156, 255, 209# 0, 0, 0, 255, 0# 0, 0, 0, 0, 0 
0, 0, 0, 255, 0# 0, 0, 0, 255, 0# 0, 0, 0, 255, 0# 0, 0, 0, 255, 0# 0, 0, 0, 255, 0# 0, 0, 0, 255, 0# 0, 0, 0, 255, 0# 0, 0, 0, 255, 0# 0, 0, 0, 255, 0# 0, 0, 0, 255, 0# 0, 0, 0, 255, 0# 0, 0, 0, 255, 0# 0, 0, 0, 255, 0# 0, 0, 0, 255, 0# 0, 0, 0, 255, 0# 0, 0, 0, 255, 0# 0, 0, 0, 255, 0# 0, 0, 0, 255, 0# 245, 228, 156, 255, 209# 245, 228, 156, 255, 209# 229, 170, 122, 255, 173# 245, 228, 156, 255, 209# 229, 170, 122, 255, 173# 0, 0, 0, 255, 0# 0, 0, 0, 0, 0 
0, 0, 0, 0, 0# 0, 0, 0, 0, 0# 0, 0, 0, 0, 0# 0, 0, 0, 0, 0# 0, 0, 0, 0, 0# 0, 0, 0, 0, 0# 0, 0, 0, 0, 0# 0, 0, 0, 0, 0# 0, 0, 0, 0, 0# 0, 0, 0, 0, 0# 0, 0, 0, 0, 0# 0, 0, 0, 0, 0# 0, 0, 0, 0, 0# 0, 0, 0, 0, 0# 0, 0, 0, 0, 0# 0, 0, 0, 0, 0# 0, 0, 0, 0, 0# 0, 0, 0, 0, 0# 0, 0, 0, 255, 0# 0, 0, 0, 255, 0# 0, 0, 0, 255, 0# 0, 0, 0, 255, 0# 0, 0, 0, 255, 0# 0, 0, 0, 255, 0# 0, 0, 0, 0, 0 
