0, 0, 0, 0, 0# 0, 0, 0, 0, 0# 0, 0, 0, 0, 0# 0, 0, 0, 0, 0# 0, 0, 0, 0, 0# 0, 0, 0, 0, 0# 0, 0, 0, 0, 0# 0, 0, 0, 0, 0# 0, 0, 0, 0, 0# 0, 0, 0, 0, 0# 0, 0, 0, 0, 0# 0, 0, 0, 0, 0# 0, 0, 0, 0, 0# 0, 0, 0, 0, 0# 0, 0, 0, 0, 0# 0, 0, 0, 0, 0# 0, 0, 0, 0, 0# 0, 0, 0, 0, 0# 0, 0, 0, 0, 0# 0, 0, 0, 0, 0# 0, 0, 0, 0, 0# 0, 0, 0, 0, 0# 0, 0, 0, 0, 0# 0, 0, 0, 0, 0# 0, 0, 0, 0, 0 
0, 0, 0, 0, 0# 0, 0, 0, 0, 0# 0, 0, 0, 0, 0# 0, 0, 0, 0, 0# 0, 0, 0, 0, 0# 0, 0, 0, 0, 0# 0, 0, 0, 0, 0# 0, 0, 0, 0, 0# 0, 0, 0, 0, 0# 0, 0, 0, 0, 0# 0, 0, 0, 0, 0# 0, 0, 0, 0, 0# 0, 0, 0, 0, 0# 0, 0, 0, 0, 0# 0, 0, 0, 0, 0# 0, 0, 0, 0, 0# 0, 0, 0, 0, 0# 0, 0, 0, 0, 0# 0, 0, 0, 0, 0# 0, 0, 0, 0, 0# 0, 0, 0, 0, 0# 0, 0, 0, 0, 0# 0, 0, 0, 0, 0# 0, 0, 0, 0, 0# 0, 0, 0, 0, 0 
0, 0, 0, 0, 0# 0, 0, 0, 0, 0# 0, 0, 0, 0, 0# 0, 0, 0, 0, 0# 0, 0, 0, 0, 0# 0, 0, 0, 0, 0# 0, 0, 0, 0, 0# 0, 0, 0, 0, 0# 0, 0, 0, 0, 0# 0, 0, 0, 0, 0# 0, 0, 0, 0, 0# 0, 0, 0, 0, 0# 0, 0, 0, 0, 0# 0, 0, 0, 0, 0# 0, 0, 0, 0, 0# 0, 0, 0, 0, 0# 0, 0, 0, 0, 0# 0, 0, 0, 0, 0# 0, 0, 0, 0, 0# 0, 0, 0, 0, 0# 0, 0, 0, 0, 0# 0, 0, 0, 0, 0# 0, 0, 0, 0, 0# 0, 0, 0, 0, 0# 0, 0, 0, 0, 0 
0, 0, 0, 0, 0# 0, 0, 0, 0, 0# 0, 0, 0, 0, 0# 0, 0, 0, 0, 0# 0, 0, 0, 0, 0# 0, 0, 0, 0, 0# 0, 0, 0, 0, 0# 0, 0, 0, 0, 0# 0, 0, 0, 0, 0# 0, 0, 0, 0, 0# 0, 0, 0, 0, 0# 0, 0, 0, 0, 0# 0, 0, 0, 0, 0# 0, 0, 0, 0, 0# 0, 0, 0, 0, 0# 0, 0, 0, 0, 0# 0, 0, 0, 0, 0# 0, 0, 0, 0, 0# 0, 0, 0, 0, 0# 0, 0, 0, 0, 0# 0, 0, 0, 0, 0# 0, 0, 0, 0, 0# 0, 0, 0, 0, 0# 0, 0, 0, 0, 0# 0, 0, 0, 0, 0 
0, 0, 0, 0, 0# 0, 0, 0, 0, 0# 0, 0, 0, 0, 0# 0, 0, 0, 0, 0# 0, 0, 0, 0, 0# 0, 0, 0, 0, 0# 0, 0, 0, 0, 0# 0, 0, 0, 0, 0# 0, 0, 0, 0, 0# 0, 0, 0, 0, 0# 0, 0, 0, 0, 0# 0, 0, 0, 0, 0# 0, 0, 0, 0, 0# 0, 0, 0, 0, 0# 0, 0, 0, 0, 0# 0, 0, 0, 0, 0# 0, 0, 0, 0, 0# 0, 0, 0, 0, 0# 0, 0, 0, 0, 0# 0, 0, 0, 0, 0# 0, 0, 0, 0, 0# 0, 0, 0, 0, 0# 0, 0, 0, 0, 0# 0, 0, 0, 0, 0# 0, 0, 0, 0, 0 
0, 0, 0, 0, 0# 0, 0, 0, 0, 0# 0, 0, 0, 0, 0# 0, 0, 0, 0, 0# 0, 0, 0, 0, 0# 0, 0, 0, 0, 0# 0, 0, 0, 0, 0# 0, 0, 0, 0, 0# 0, 0, 0, 0, 0# 0, 0, 0, 0, 0# 0, 0, 0, 0, 0# 0, 0, 0, 0, 0# 0, 0, 0, 0, 0# 0, 0, 0, 0, 0# 0, 0, 0, 0, 0# 0, 0, 0, 0, 0# 0, 0, 0, 0, 0# 0, 0, 0, 0, 0# 0, 0, 0, 0, 0# 0, 0, 0, 0, 0# 0, 0, 0, 0, 0# 0, 0, 0, 0, 0# 0, 0, 0, 0, 0# 0, 0, 0, 0, 0# 0, 0, 0, 0, 0 
0, 0, 0, 0, 0# 0, 0, 0, 0, 0# 0, 0, 0, 0, 0# 0, 0, 0, 0, 0# 0, 0, 0, 0, 0# 0, 0, 0, 0, 0# 0, 0, 0, 0, 0# 0, 0, 0, 0, 0# 0, 0, 0, 0, 0# 0, 0, 0, 0, 0# 0, 0, 0, 0, 0# 0, 0, 0, 0, 0# 0, 0, 0, 0, 0# 0, 0, 0, 0, 0# 0, 0, 0, 0, 0# 0, 0, 0, 0, 0# 0, 0, 0, 0, 0# 0, 0, 0, 0, 0# 0, 0, 0, 0, 0# 0, 0, 0, 0, 0# 0, 0, 0, 0, 0# 0, 0, 0, 0, 0# 0, 0, 0, 0, 0# 0, 0, 0, 0, 0# 0, 0, 0, 0, 0 
0, 0, 0, 0, 0# 0, 0, 0, 0, 0# 0, 0, 0, 0, 0# 0, 0, 0, 0, 0# 0, 0, 0, 0, 0# 0, 0, 0, 0, 0# 0, 0, 0, 0, 0# 0, 0, 0, 0, 0# 0, 0, 0, 0, 0# 0, 0, 0, 0, 0# 0, 0, 0, 0, 0# 0, 0, 0, 0, 0# 0, 0, 0, 0, 0# 0, 0, 0, 0, 0# 0, 0, 0, 0, 0# 0, 0, 0, 0, 0# 0, 0, 0, 0, 0# 0, 0, 0, 0, 0# 0, 0, 0, 0, 0# 0, 0, 0, 0, 0# 0, 0, 0, 0, 0# 0, 0, 0, 0, 0# 0, 0, 0, 0, 0# 0, 0, 0, 0, 0# 0, 0, 0, 0, 0 
0, 0, 0, 0, 0# 0, 0, 0, 0, 0# 0, 0, 0, 0, 0# 0, 0, 0, 0, 0# 0, 0, 0, 0, 0# 0, 0, 0, 0, 0# 0, 0, 0, 0, 0# 0, 0, 0, 0, 0# 0, 0, 0, 0, 0# 0, 0, 0, 0, 0# 0, 0, 0, 0, 0# 0, 0, 0, 0, 0# 0, 0, 0, 0, 0# 0, 0, 0, 0, 0# 0, 0, 0, 0, 0# 0, 0, 0, 0, 0# 0, 0, 0, 0, 0# 0, 0, 0, 0, 0# 0, 0, 0, 0, 0# 0, 0, 0, 0, 0# 0, 0, 0, 0, 0# 0, 0, 0, 0, 0# 0, 0, 0, 0, 0# 0, 0, 0, 0, 0# 0, 0, 0, 0, 0 
0, 0, 0, 0, 0# 0, 0, 0, 0, 0# 0, 0, 0, 0, 0# 0, 0, 0, 0, 0# 0, 0, 0, 0, 0# 0, 0, 0, 0, 0# 0, 0, 0, 0, 0# 0, 0, 0, 0, 0# 0, 0, 0, 0, 0# 0, 0, 0, 0, 0# 0, 0, 0, 0, 0# 0, 0, 0, 0, 0# 0, 0, 0, 0, 0# 0, 0, 0, 0, 0# 0, 0, 0, 0, 0# 0, 0, 0, 0, 0# 0, 0, 0, 0, 0# 0, 0, 0, 0, 0# 0, 0, 0, 0, 0# 0, 0, 0, 0, 0# 0, 0, 0, 0, 0# 0, 0, 0, 0, 0# 0, 0, 0, 0, 0# 0, 0, 0, 0, 0# 0, 0, 0, 0, 0 
0, 0, 0, 0, 0# 0, 0, 0, 0, 0# 0, 0, 0, 0, 0# 0, 0, 0, 0, 0# 0, 0, 0, 0, 0# 0, 0, 0, 0, 0# 0, 0, 0, 0, 0# 0, 0, 0, 0, 0# 0, 0, 0, 0, 0# 0, 0, 0, 0, 0# 0, 0, 0, 0, 0# 0, 0, 0, 0, 0# 0, 0, 0, 0, 0# 0, 0, 0, 0, 0# 0, 0, 0, 0, 0# 0, 0, 0, 0, 0# 0, 0, 0, 0, 0# 0, 0, 0, 0, 0# 0, 0, 0, 0, 0# 0, 0, 0, 0, 0# 0, 0, 0, 0, 0# 0, 0, 0, 0, 0# 0, 0, 0, 0, 0# 0, 0, 0, 0, 0# 0, 0, 0, 0, 0 
0, 0, 0, 0, 0# 0, 0, 0, 0, 0# 0, 0, 0, 0, 0# 0, 0, 0, 0, 0# 0, 0, 0, 0, 0# 0, 0, 0, 0, 0# 0, 0, 0, 0, 0# 0, 0, 0, 0, 0# 0, 0, 0, 0, 0# 0, 0, 0, 0, 0# 0, 0, 0, 0, 0# 0, 0, 0, 0, 0# 0, 0, 0, 0, 0# 0, 0, 0, 0, 0# 0, 0, 0, 0, 0# 0, 0, 0, 0, 0# 0, 0, 0, 0, 0# 0, 0, 0, 0, 0# 0, 0, 0, 0, 0# 0, 0, 0, 0, 0# 0, 0, 0, 0, 0# 0, 0, 0, 0, 0# 0, 0, 0, 0, 0# 0, 0, 0, 0, 0# 0, 0, 0, 0, 0 
0, 0, 0, 0, 0# 0, 0, 0, 0, 0# 0, 0, 0, 0, 0# 0, 0, 0, 0, 0# 0, 0, 0, 0, 0# 0, 0, 0, 0, 0# 0, 0, 0, 0, 0# 0, 0, 0, 0, 0# 0, 0, 0, 0, 0# 0, 0, 0, 0, 0# 0, 0, 0, 0, 0# 0, 0, 0, 0, 0# 0, 0, 0, 0, 0# 0, 0, 0, 0, 0# 0, 0, 0, 0, 0# 0, 0, 0, 0, 0# 0, 0, 0, 0, 0# 0, 0, 0, 0, 0# 0, 0, 0, 0, 0# 0, 0, 0, 0, 0# 0, 0, 0, 0, 0# 0, 0, 0, 0, 0# 0, 0, 0, 0, 0# 0, 0, 0, 0, 0# 0, 0, 0, 0, 0 
0, 0, 0, 0, 0# 0, 0, 0, 0, 0# 0, 0, 0, 0, 0# 0, 0, 0, 0, 0# 0, 0, 0, 0, 0# 0, 0, 0, 0, 0# 0, 0, 0, 0, 0# 0, 0, 0, 0, 0# 0, 0, 0, 0, 0# 0, 0, 0, 0, 0# 0, 0, 0, 0, 0# 0, 0, 0, 0, 0# 0, 0, 0, 0, 0# 0, 0, 0, 0, 0# 0, 0, 0, 0, 0# 0, 0, 0, 0, 0# 0, 0, 0, 0, 0# 0, 0, 0, 0, 0# 0, 0, 0, 0, 0# 0, 0, 0, 0, 0# 0, 0, 0, 0, 0# 0, 0, 0, 0, 0# 0, 0, 0, 0, 0# 0, 0, 0, 0, 0# 0, 0, 0, 0, 0 
0, 0, 0, 0, 0# 0, 0, 0, 0, 0# 0, 0, 0, 0, 0# 0, 0, 0, 0, 0# 0, 0, 0, 0, 0# 0, 0, 0, 0, 0# 0, 0, 0, 255, 0# 0, 0, 0, 0, 0# 0, 0, 0, 0, 0# 0, 0, 0, 0, 0# 0, 0, 0, 0, 0# 0, 0, 0, 0, 0# 0, 0, 0, 0, 0# 0, 0, 0, 0, 0# 0, 0, 0, 0, 0# 0, 0, 0, 0, 0# 0, 0, 0, 0, 0# 0, 0, 0, 0, 0# 0, 0, 0, 0, 0# 0, 0, 0, 0, 0# 0, 0, 0, 0, 0# 0, 0, 0, 0, 0# 0, 0, 0, 0, 0# 0, 0, 0, 0, 0# 0, 0, 0, 0, 0 
0, 0, 0, 0, 0# 0, 0, 0, 0, 0# 0, 0, 0, 0, 0# 0, 0, 0, 0, 0# 0, 0, 0, 0, 0# 0, 0, 0, 255, 0# 0, 0, 0, 0, 0# 0, 0, 0, 255, 0# 0, 0, 0, 0, 0# 0, 0, 0, 0, 0# 0, 0, 0, 0, 0# 0, 0, 0, 0, 0# 0, 0, 0, 0, 0# 0, 0, 0, 0, 0# 0, 0, 0, 0, 0# 0, 0, 0, 0, 0# 0, 0, 0, 0, 0# 0, 0, 0, 0, 0# 0, 0, 0, 0, 0# 0, 0, 0, 0, 0# 0, 0, 0, 255, 0# 70, 70, 70, 255, 70# 0, 0, 0, 0, 0# 0, 0, 0, 0, 0# 0, 0, 0, 0, 0 
0, 0, 0, 0, 0# 0, 0, 0, 0, 0# 0, 0, 0, 0, 0# 0, 0, 0, 0, 0# 0, 0, 0, 0, 0# 0, 0, 0, 0, 0# 0, 0, 0, 255, 0# 0, 0, 0, 0, 0# 0, 0, 0, 0, 0# 0, 0, 0, 0, 0# 0, 0, 0, 0, 0# 0, 0, 0, 0, 0# 0, 0, 0, 0, 0# 0, 0, 0, 0, 0# 0, 0, 0, 0, 0# 0, 0, 0, 0, 0# 0, 0, 0, 0, 0# 0, 0, 0, 0, 0# 0, 0, 0, 0, 0# 0, 0, 0, 255, 0# 180, 180, 180, 255, 180# 180, 180, 180, 255, 180# 0, 0, 0, 255, 0# 0, 0, 0, 0, 0# 0, 0, 0, 0, 0 
0, 0, 0, 0, 0# 0, 0, 0, 0, 0# 0, 0, 0, 0, 0# 0, 0, 0, 0, 0# 0, 0, 0, 0, 0# 0, 0, 0, 0, 0# 0, 0, 0, 0, 0# 0, 0, 0, 0, 0# 0, 0, 0, 0, 0# 0, 0, 0, 0, 0# 0, 0, 0, 0, 0# 0, 0, 0, 0, 0# 0, 0, 0, 0, 0# 0, 0, 0, 0, 0# 0, 0, 0, 0, 0# 0, 0, 0, 0, 0# 0, 0, 0, 0, 0# 0, 0, 0, 0, 0# 0, 0, 0, 0, 0# 0, 0, 0, 0, 0# 0, 0, 0, 255, 0# 180, 180, 180, 255, 180# 0, 0, 0, 255, 0# 0, 0, 0, 255, 0# 0, 0, 0, 0, 0 
0, 0, 0, 0, 0# 0, 0, 0, 0, 0# 0, 0, 0, 0, 0# 0, 0, 0, 0, 0# 0, 0, 0, 0, 0# 0, 0, 0, 0, 0# 0, 0, 0, 0, 0# 0, 0, 0, 255, 0# 0, 0, 0, 255, 0# 0, 0, 0, 255, 0# 0, 0, 0, 255, 0# 0, 0, 0, 255, 0# 0, 0, 0, 0, 0# 0, 0, 0, 0, 0# 0, 0, 0, 0, 0# 0, 0, 0, 0, 0# 0, 0, 0, 0, 0# 0, 0, 0, 0, 0# 0, 0, 0, 0, 0# 0, 0, 0, 0, 0# 0, 0, 0, 255, 0# 180, 180, 180, 255, 180# 180, 180, 180, 255, 180# 0, 0, 0, 255, 0# 0, 0, 0, 255, 0 
0, 0, 0, 0, 0# 0, 0, 0, 0, 0# 0, 0, 0, 0, 0# 0, 0, 0, 255, 0# 0, 0, 0, 255, 0# 0, 0, 0, 255, 0# 0, 0, 0, 255, 0# 70, 70, 70, 255, 70# 70, 70, 70, 255, 70# 70, 70, 70, 255, 70# 70, 70, 70, 255, 70# 153, 217, 234, 255, 201# 0, 0, 0, 255, 0# 0, 0, 0, 0, 0# 0, 0, 0, 0, 0# 0, 0, 0, 0, 0# 0, 0, 0, 0, 0# 0, 0, 0, 0, 0# 0, 0, 0, 0, 0# 0, 0, 0, 0, 0# 0, 0, 0, 255, 0# 180, 180, 180, 255, 180# 180, 180, 180, 255, 180# 180, 180, 180, 255, 180# 0, 0, 0, 255, 0 
0, 0, 0, 0, 0# 0, 0, 0, 0, 0# 0, 0, 0, 255, 0# 0, 0, 0, 255, 0# 70, 70, 70, 255, 70# 70, 70, 70, 255, 70# 70, 70, 70, 255, 70# 70, 70, 70, 255, 70# 70, 70, 70, 255, 70# 70, 70, 70, 255, 70# 70, 70, 70, 255, 70# 153, 217, 234, 255, 201# 70, 70, 70, 255, 70# 0, 0, 0, 255, 0# 0, 0, 0, 255, 0# 0, 0, 0, 0, 0# 0, 0, 0, 0, 0# 0, 0, 0, 0, 0# 0, 0, 0, 0, 0# 0, 0, 0, 255, 0# 0, 0, 0, 255, 0# 180, 180, 180, 255, 180# 180, 180, 180, 255, 180# 180, 180, 180, 255, 180# 0, 0, 0, 255, 0 
0, 0, 0, 0, 0# 0, 0, 0, 255, 0# 0, 0, 0, 255, 0# 70, 70, 70, 255, 70# 245, 228, 156, 255, 209# 245, 228, 156, 255, 209# 0, 0, 0, 255, 0# 70, 70, 70, 255, 70# 70, 70, 70, 255, 70# 70, 70, 70, 255, 70# 180, 180, 180, 255, 180# 153, 217, 234, 255, 201# 255, 163, 177, 255, 198# 70, 70, 70, 255, 70# 0, 0, 0, 255, 0# 0, 0, 0, 255, 0# 0, 0, 0, 255, 0# 0, 0, 0, 0, 0# 0, 0, 0, 0, 0# 0, 0, 0, 255, 0# 180, 180, 180, 255, 180# 180, 180, 180, 255, 180# 180, 180, 180, 255, 180# 180, 180, 180, 255, 180# 0, 0, 0, 255, 0 
0, 0, 0, 255, 0# 70, 70, 70, 255, 70# 245, 228, 156, 255, 209# 245, 228, 156, 255, 209# 0, 0, 0, 255, 0# 0, 0, 0, 0, 0# 0, 0, 0, 0, 0# 70, 70, 70, 255, 70# 70, 70, 70, 255, 70# 0, 0, 0, 255, 0# 180, 180, 180, 255, 180# 153, 217, 234, 255, 201# 255, 163, 177, 255, 198# 255, 163, 177, 255, 198# 70, 70, 70, 255, 70# 0, 0, 0, 255, 0# 0, 0, 0, 255, 0# 0, 0, 0, 255, 0# 0, 0, 0, 0, 0# 0, 0, 0, 255, 0# 180, 180, 180, 255, 180# 180, 180, 180, 255, 180# 180, 180, 180, 255, 180# 180, 180, 180, 255, 180# 0, 0, 0, 255, 0 
0, 0, 0, 255, 0# 0, 0, 0, 255, 0# 0, 0, 0, 255, 0# 0, 0, 0, 255, 0# 70, 70, 70, 255, 70# 0, 0, 0, 255, 0# 0, 0, 0, 255, 0# 70, 70, 70, 255, 70# 70, 70, 70, 255, 70# 0, 0, 0, 255, 0# 0, 0, 0, 255, 0# 180, 180, 180, 255, 180# 0, 0, 0, 255, 0# 255, 163, 177, 255, 198# 70, 70, 70, 255, 70# 0, 0, 0, 255, 0# 0, 0, 0, 255, 0# 180, 180, 180, 255, 180# 0, 0, 0, 255, 0# 180, 180, 180, 255, 180# 180, 180, 180, 255, 180# 180, 180, 180, 255, 180# 180, 180, 180, 255, 180# 180, 180, 180, 255, 180# 0, 0, 0, 255, 0 
0, 0, 0, 0, 0# 0, 0, 0, 0, 0# 0, 0, 0, 0, 0# 0, 0, 0, 255, 0# 0, 0, 0, 255, 0# 237, 28, 36, 255, 100# 237, 28, 36, 255, 100# 180, 180, 180, 255, 180# 180, 180, 180, 255, 180# 237, 28, 36, 255, 100# 237, 28, 36, 255, 100# 180, 180, 180, 255, 180# 180, 180, 180, 255, 180# 0, 0, 0, 255, 0# 255, 163, 177, 255, 198# 70, 70, 70, 255, 70# 0, 0, 0, 255, 0# 180, 180, 180, 255, 180# 180, 180, 180, 255, 180# 0, 0, 0, 255, 0# 70, 70, 70, 255, 70# 180, 180, 180, 255, 180# 180, 180, 180, 255, 180# 180, 180, 180, 255, 180# 0, 0, 0, 255, 0 
0, 0, 0, 0, 0# 0, 0, 0, 0, 0# 0, 0, 0, 0, 0# 0, 0, 0, 255, 0# 70, 70, 70, 255, 70# 237, 28, 36, 255, 100# 237, 28, 36, 255, 100# 180, 180, 180, 255, 180# 180, 180, 180, 255, 180# 237, 28, 36, 255, 100# 237, 28, 36, 255, 100# 180, 180, 180, 255, 180# 180, 180, 180, 255, 180# 180, 180, 180, 255, 180# 0, 0, 0, 255, 0# 0, 0, 0, 255, 0# 180, 180, 180, 255, 180# 180, 180, 180, 255, 180# 180, 180, 180, 255, 180# 70, 70, 70, 255, 70# 0, 0, 0, 255, 0# 70, 70, 70, 255, 70# 180, 180, 180, 255, 180# 180, 180, 180, 255, 180# 0, 0, 0, 255, 0 
0, 0, 0, 0, 0# 0, 0, 0, 0, 0# 0, 0, 0, 0, 0# 0, 0, 0, 0, 0# 0, 0, 0, 255, 0# 180, 180, 180, 255, 180# 180, 180, 180, 255, 180# 0, 0, 0, 255, 0# 0, 0, 0, 255, 0# 0, 0, 0, 255, 0# 180, 180, 180, 255, 180# 180, 180, 180, 255, 180# 180, 180, 180, 255, 180# 180, 180, 180, 255, 180# 70, 70, 70, 255, 70# 70, 70, 70, 255, 70# 70, 70, 70, 255, 70# 180, 180, 180, 255, 180# 180, 180, 180, 255, 180# 180, 180, 180, 255, 180# 70, 70, 70, 255, 70# 0, 0, 0, 255, 0# 70, 70, 70, 255, 70# 180, 180, 180, 255, 180# 0, 0, 0, 255, 0 
0, 0, 0, 0, 0# 0, 0, 0, 0, 0# 0, 0, 0, 0, 0# 0, 0, 0, 0, 0# 0, 0, 0, 255, 0# 180, 180, 180, 255, 180# 180, 180, 180, 255, 180# 180, 180, 180, 255, 180# 0, 0, 0, 255, 0# 180, 180, 180, 255, 180# 180, 180, 180, 255, 180# 0, 0, 0, 255, 0# 180, 180, 180, 255, 180# 180, 180, 180, 255, 180# 180, 180, 180, 255, 180# 70, 70, 70, 255, 70# 70, 70, 70, 255, 70# 180, 180, 180, 255, 180# 180, 180, 180, 255, 180# 180, 180, 180, 255, 180# 70, 70, 70, 255, 70# 0, 0, 0, 255, 0# 70, 70, 70, 255, 70# 180, 180, 180, 255, 180# 0, 0, 0, 255, 0 
0, 0, 0, 0, 0# 0, 0, 0, 0, 0# 0, 0, 0, 0, 0# 0, 0, 0, 0, 0# 0, 0, 0, 255, 0# 180, 180, 180, 255, 180# 0, 0, 0, 255, 0# 0, 0, 0, 255, 0# 0, 0, 0, 255, 0# 0, 0, 0, 255, 0# 237, 28, 36, 255, 100# 180, 180, 180, 255, 180# 180, 180, 180, 255, 180# 0, 0, 0, 255, 0# 70, 70, 70, 255, 70# 70, 70, 70, 255, 70# 70, 70, 70, 255, 70# 70, 70, 70, 255, 70# 180, 180, 180, 255, 180# 180, 180, 180, 255, 180# 70, 70, 70, 255, 70# 0, 0, 0, 255, 0# 70, 70, 70, 255, 70# 0, 0, 0, 255, 0# 0, 0, 0, 0, 0 
0, 0, 0, 0, 0# 0, 0, 0, 0, 0# 0, 0, 0, 0, 0# 0, 0, 0, 0, 0# 0, 0, 0, 255, 0# 0, 0, 0, 255, 0# 180, 180, 180, 255, 180# 180, 180, 180, 255, 180# 180, 180, 180, 255, 180# 180, 180, 180, 255, 180# 237, 28, 36, 255, 100# 180, 180, 180, 255, 180# 180, 180, 180, 255, 180# 70, 70, 70, 255, 70# 70, 70, 70, 255, 70# 70, 70, 70, 255, 70# 70, 70, 70, 255, 70# 0, 0, 0, 255, 0# 180, 180, 180, 255, 180# 180, 180, 180, 255, 180# 180, 180, 180, 255, 180# 70, 70, 70, 255, 70# 0, 0, 0, 255, 0# 0, 0, 0, 0, 0# 0, 0, 0, 0, 0 
0, 0, 0, 0, 0# 0, 0, 0, 0, 0# 0, 0, 0, 0, 0# 0, 0, 0, 0, 0# 0, 0, 0, 255, 0# 0, 0, 0, 255, 0# 0, 0, 0, 255, 0# 0, 0, 0, 255, 0# 0, 0, 0, 0, 0# 0, 0, 0, 255, 0# 0, 0, 0, 0, 0# 70, 70, 70, 255, 70# 70, 70, 70, 255, 70# 0, 0, 0, 255, 0# 0, 0, 0, 0, 0# 0, 0, 0, 255, 0# 0, 0, 0, 255, 0# 180, 180, 180, 255, 180# 0, 0, 0, 255, 0# 180, 180, 180, 255, 180# 180, 180, 180, 255, 180# 180, 180, 180, 255, 180# 0, 0, 0, 255, 0# 0, 0, 0, 0, 0# 0, 0, 0, 0, 0 
0, 0, 0, 0, 0# 0, 0, 0, 0, 0# 0, 0, 0, 0, 0# 0, 0, 0, 0, 0# 0, 0, 0, 0, 0# 0, 0, 0, 0, 0# 0, 0, 0, 0, 0# 70, 70, 70, 255, 70# 70, 70, 70, 255, 70# 70, 70, 70, 255, 70# 70, 70, 70, 255, 70# 0, 0, 0, 255, 0# 180, 180, 180, 255, 180# 180, 180, 180, 255, 180# 0, 0, 0, 255, 0# 180, 180, 180, 255, 180# 180, 180, 180, 255, 180# 180, 180, 180, 255, 180# 180, 180, 180, 255, 180# 180, 180, 180, 255, 180# 180, 180, 180, 255, 180# 180, 180, 180, 255, 180# 0, 0, 0, 255, 0# 0, 134, 57, 63, 63# 0, 0, 0, 0, 0 
0, 0, 0, 0, 0# 0, 0, 0, 0, 0# 0, 0, 0, 0, 0# 0, 0, 0, 0, 0# 0, 0, 0, 0, 0# 0, 0, 0, 0, 0# 0, 0, 0, 255, 0# 180, 180, 180, 255, 180# 180, 180, 180, 255, 180# 180, 180, 180, 255, 180# 180, 180, 180, 255, 180# 180, 180, 180, 255, 180# 180, 180, 180, 255, 180# 180, 180, 180, 255, 180# 0, 0, 0, 255, 0# 180, 180, 180, 255, 180# 180, 180, 180, 255, 180# 180, 180, 180, 255, 180# 180, 180, 180, 255, 180# 180, 180, 180, 255, 180# 180, 180, 180, 255, 180# 180, 180, 180, 255, 180# 0, 0, 0, 255, 0# 0, 0, 0, 0, 0# 0, 0, 0, 0, 0 
0, 0, 0, 0, 0# 0, 0, 0, 0, 0# 0, 0, 0, 0, 0# 0, 0, 0, 0, 0# 0, 0, 0, 0, 0# 0, 0, 0, 255, 0# 180, 180, 180, 255, 180# 180, 180, 180, 255, 180# 180, 180, 180, 255, 180# 180, 180, 180, 255, 180# 0, 0, 0, 255, 0# 180, 180, 180, 255, 180# 180, 180, 180, 255, 180# 0, 0, 0, 255, 0# 156, 90, 60, 255, 102# 70, 70, 70, 255, 70# 70, 70, 70, 255, 70# 180, 180, 180, 255, 180# 180, 180, 180, 255, 180# 180, 180, 180, 255, 180# 180, 180, 180, 255, 180# 180, 180, 180, 255, 180# 0, 0, 0, 255, 0# 0, 0, 0, 0, 0# 0, 0, 0, 0, 0 
0, 0, 0, 0, 0# 0, 0, 0, 0, 0# 0, 0, 0, 0, 0# 0, 0, 0, 0, 0# 0, 0, 0, 0, 0# 0, 0, 0, 255, 0# 180, 180, 180, 255, 180# 180, 180, 180, 255, 180# 70, 70, 70, 255, 70# 0, 0, 0, 255, 0# 180, 180, 180, 255, 180# 180, 180, 180, 255, 180# 180, 180, 180, 255, 180# 0, 0, 0, 255, 0# 156, 90, 60, 255, 102# 156, 90, 60, 255, 102# 70, 70, 70, 255, 70# 70, 70, 70, 255, 70# 180, 180, 180, 255, 180# 180, 180, 180, 255, 180# 180, 180, 180, 255, 180# 70, 70, 70, 255, 70# 0, 0, 0, 255, 0# 0, 0, 0, 0, 0# 0, 0, 0, 0, 0 
0, 0, 0, 0, 0# 0, 0, 0, 0, 0# 0, 0, 0, 0, 0# 0, 0, 0, 0, 0# 0, 0, 0, 255, 0# 180, 180, 180, 255, 180# 180, 180, 180, 255, 180# 180, 180, 180, 255, 180# 70, 70, 70, 255, 70# 0, 0, 0, 255, 0# 180, 180, 180, 255, 180# 180, 180, 180, 255, 180# 70, 70, 70, 255, 70# 0, 0, 0, 255, 0# 156, 90, 60, 255, 102# 70, 70, 70, 255, 70# 70, 70, 70, 255, 70# 180, 180, 180, 255, 180# 70, 70, 70, 255, 70# 70, 70, 70, 255, 70# 70, 70, 70, 255, 70# 70, 70, 70, 255, 70# 0, 0, 0, 255, 0# 0, 0, 0, 0, 0# 0, 0, 0, 0, 0 
0, 0, 0, 0, 0# 0, 0, 0, 0, 0# 0, 0, 0, 0, 0# 0, 0, 0, 0, 0# 0, 0, 0, 255, 0# 180, 180, 180, 255, 180# 180, 180, 180, 255, 180# 70, 70, 70, 255, 70# 0, 0, 0, 255, 0# 180, 180, 180, 255, 180# 180, 180, 180, 255, 180# 180, 180, 180, 255, 180# 70, 70, 70, 255, 70# 0, 0, 0, 255, 0# 70, 70, 70, 255, 70# 70, 70, 70, 255, 70# 180, 180, 180, 255, 180# 180, 180, 180, 255, 180# 70, 70, 70, 255, 70# 70, 70, 70, 255, 70# 70, 70, 70, 255, 70# 0, 0, 0, 255, 0# 0, 0, 0, 0, 0# 0, 0, 0, 0, 0# 0, 0, 0, 0, 0 
0, 0, 0, 0, 0# 0, 0, 0, 0, 0# 0, 0, 0, 0, 0# 0, 0, 0, 255, 0# 180, 180, 180, 255, 180# 180, 180, 180, 255, 180# 70, 70, 70, 255, 70# 0, 0, 0, 255, 0# 0, 0, 0, 255, 0# 180, 180, 180, 255, 180# 180, 180, 180, 255, 180# 70, 70, 70, 255, 70# 70, 70, 70, 255, 70# 0, 0, 0, 255, 0# 180, 180, 180, 255, 180# 180, 180, 180, 255, 180# 180, 180, 180, 255, 180# 180, 180, 180, 255, 180# 70, 70, 70, 255, 70# 70, 70, 70, 255, 70# 0, 0, 0, 255, 0# 0, 0, 0, 255, 0# 0, 0, 0, 0, 0# 0, 0, 0, 0, 0# 0, 0, 0, 0, 0 
0, 0, 0, 0, 0# 0, 0, 0, 0, 0# 0, 0, 0, 255, 0# 180, 180, 180, 255, 180# 180, 180, 180, 255, 180# 70, 70, 70, 255, 70# 0, 0, 0, 255, 0# 0, 0, 0, 0, 0# 0, 0, 0, 255, 0# 180, 180, 180, 255, 180# 180, 180, 180, 255, 180# 70, 70, 70, 255, 70# 0, 0, 0, 255, 0# 0, 0, 0, 255, 0# 180, 180, 180, 255, 180# 180, 180, 180, 255, 180# 180, 180, 180, 255, 180# 70, 70, 70, 255, 70# 70, 70, 70, 255, 70# 70, 70, 70, 255, 70# 0, 0, 0, 255, 0# 0, 0, 0, 0, 0# 0, 0, 0, 0, 0# 0, 0, 0, 0, 0# 0, 0, 0, 0, 0 
0, 0, 0, 0, 0# 0, 0, 0, 0, 0# 0, 0, 0, 255, 0# 0, 0, 0, 255, 0# 0, 0, 0, 255, 0# 0, 0, 0, 255, 0# 0, 0, 0, 255, 0# 0, 0, 0, 0, 0# 0, 0, 0, 255, 0# 0, 0, 0, 255, 0# 0, 0, 0, 255, 0# 70, 70, 70, 255, 70# 0, 0, 0, 255, 0# 180, 180, 180, 255, 180# 180, 180, 180, 255, 180# 180, 180, 180, 255, 180# 70, 70, 70, 255, 70# 0, 0, 0, 255, 0# 0, 0, 0, 255, 0# 0, 0, 0, 255, 0# 0, 0, 0, 0, 0# 0, 0, 0, 0, 0# 0, 0, 0, 0, 0# 0, 0, 0, 0, 0# 0, 0, 0, 0, 0 
